3916427
3918401
3915496
3915893
3875747
3822498
3916857
3919720
3916540
3915849
3915343
3864001
3782429
3930291
3782869
3919311
3919412
3917649
3872386
3371266
3872824
3916772
1621226
3918376
3915916
3915529
3919574
3919153
3918194
3916694
3919329
3919667
3915985
3919763
3916656
3918793
3918368
354047
3917769
3918035
3917260
3917297
3913781
3955955
3961934
3961794
2391551
3957852
3957606
3911848
3949533
3905489
3946689
3898532
2969445
3961333
3959300
3959256
3959019
3822783
3920425
3960333
3960102
3914197
3959380
3958327
3957788
3951755
3961343
3961015
3961367
3959701
3914024
3870308
3916012
3956138
2630028
3953927
3961716
3960875
3960225
3771121
3957201
3959883
3959827
3948873
3944946
3867172
3954944
3954757
1763116
3955278
3954985
3954287
3954258
3949922
3949903
3949886
3813966
3957050
3955066
3961246
3961098
3959874
3906941
3946140
3953867
2166517
3962335
3963050
3957125
3955484
3955254
3912829
3955098
3953860
3962902
3962472
3878064
3832756
3380122
3959821
3958191
3955596
3952814
3951250
3950921
3863015
3939572
3814123
3930956
3930066
3927628
3962393
3946101
3849526
3889060
3928360
3913408
3953357
3953244
3953153
3952559
3952017
3950996
3950672
3949589
3962529
3962109
3949171
3904114
3963059
3962534
3962327
3962105
