3963113
3962911
3962888
3962250
3961467
3961438
3960642
3637943
3960378
3960146
3960048
3960039
3959742
3959512
3959208
3958900
3958867
3958400
3590682
3957800
3956675
3956069
3955962
3618532
3955280
3955222
3954965
3954936
3954563
3953990
3953976
3808606
3684730
3952960
3952808
3863755
3331402
3949789
3949205
3948807
3781324
3685674
3948447
2989698
3947494
3947299
3946974
3946893
3946375
3946355
3946315
3946110
3945373
3870765
3945159
3944289
3942573
3942281
3940938
3940463
3938964
3938527
2889383
3936788
3936257
3934879
3933393
3835697
3802229
3887512
3932505
3715895
3931595
3770709
3931185
3931116
3931113
3931017
3930609
3930036
3928920
3928609
3928608
3928177
3927792
3927469
3927346
3926958
3924748
3924253
3924118
3923945
3923888
3923120
3922685
3296296
3921421
3921419
3921413
3921331
3921056
3919770
3919710
3918304
3918289
3918236
3916587
3916533
3916211
3915633
3915402
3914963
3914535
3914246
3913996
3913277
3828295
3828325
3909653
3776731
3908999
3908449
3908266
3809956
3907138
3903432
3808396
3901257
3900769
3736335
3899754
3899747
3895330
3893630
3810452
3892187
3891310
3890161
3890126
3890070
3799689
3889146
3888712
3888625
3888408
3888024
3778498
3886387
3885427
3731230
3796121
3883721
3799903
3881308
3881257
3881084
3880998
3880662
3962924
3962784
3962719
3962625
3962517
3961743
3961449
3960833
3960269
3958435
3958383
3957435
3786928
3957212
3957096
3956895
3956246
3956010
3955997
3862997
3955703
3955620
3954727
3953120
3953117
3952188
3951945
3951938
3951930
3783680
3857670
3949992
3949068
3948064
3947308
3947290
3947278
3946470
3837354
3945583
3944550
3682164
3605700
3755554
3944285
3111436
3524120
3940493
3940447
3939838
3939746
3939312
3939017
2778244
3938794
3938313
3938114
3894392
3936743
3936721
3936411
3810628
3935935
3840505
3934572
3934426
3934118
3933921
2967320
3933680
3704041
3772246
3933109
3932970
3932210
3930429
3930078
3928545
3928665
3928644
3928639
3928603
3928600
3826246
3928424
3928350
3927748
3927456
3926672
3926564
3926553
3926305
3883198
3926088
3843422
3925948
3925394
3924209
3924102
3923894
3922863
3922489
3922482
3922231
3776072
3921708
3921472
3921245
3921241
3921227
3921138
3920833
2420946
3919752
3919671
3919459
3277735
3918357
3918276
3917998
3917967
3917656
3827470
3916614
3916548
3915652
3915546
3820238
3914046
3914025
3913933
3913658
3828353
3911698
3911662
3861895
3911067
3910592
3910514
3828077
3823617
3844608
3613847
3909161
3626710
3908399
3824890
3807096
3825022
3907457
3905881
3905491
3905358
3904868
1749831
3163757
3902028
3901355
3901317
3236850
3900006
3898655
3898415
3898314
3813423
3894707
3893324
3805686
3892757
3892594
3892553
3892549
3891465
3891395
3891277
3891217
3890535
3890239
3890094
3890038
3889858
3889386
3888978
3888639
3888309
3888067
3887992
3887650
2066762
3627217
3669079
3887138
3886886
2607400
3886244
3885166
3565313
3801879
3883143
3757287
3882761
3882268
3573023
3881416
3881413
3881313
3881282
3881240
3881068
3880887
3781409
3880341
3880202
3908656
3962982
3755040
3874782
3960858
3960595
3708700
3959852
3959230
3959215
3876217
3958773
3958121
3958086
3958040
3957647
3957537
3957279
3956987
3956650
3956321
3956088
3955357
3955217
3955059
3953030
3952639
3861663
3952127
3951976
3951889
3951048
3951040
3950929
3950488
3950050
3950043
3949826
3949786
3949381
3948942
3948656
3948582
3948429
3948258
3948247
3948218
3947994
3947262
3946694
3946300
3945877
3945668
3945502
3945347
3945097
3945055
3944812
3944602
3943252
3942335
3850014
3942029
3942028
3941983
3941970
3575621
3941862
3941756
3941562
3941188
3941181
3941079
3940797
3939882
3611643
3939301
3594057
3587556
3938429
3938351
3168849
3937362
3937291
3935692
3935597
3935195
3935193
3935176
3935166
3934739
3932579
3827661
3932221
3932157
3932085
3931462
3931199
3930863
2472553
3930720
3886371
3930445
3929183
3831119
3845857
3839321
3927826
3926354
3926217
3926097
3925176
3925099
3924420
3923572
3801612
3574289
3923276
3922204
3922127
3921689
3921400
3921345
2605026
3920700
3920038
3919881
3918231
3918176
3918156
3918072
3918040
3917854
3917593
3917463
3378260
3915661
3915038
3915037
3914483
3914446
3914009
3912977
3912793
3912555
3912553
3912443
3911809
3911599
3911202
3911055
3909666
3909129
3908335
3907618
3906847
3906795
3906637
3904329
3904273
3903971
1741651
3903409
3902897
3902809
3382703
3223601
3901071
3901028
3900079
3899698
3899565
3898974
3898763
2899416
3897848
3895617
3893823
3893002
3891890
3890962
3808744
3888172
3887923
3883970
3883587
3883206
3882862
3882507
3882496
3882493
3882369
3882111
3881427
3253299
3758646
3749961
3962216
3962121
3962089
3962030
3961894
3961825
3961671
3961356
3960980
3960879
3960839
3960827
3960717
3960508
3960432
3959692
3959323
3959249
3959043
3959028
3958300
3958062
3957587
3957578
3957029
3957028
3957022
3957018
3956702
3956559
3956451
3956401
3956112
3956051
3955808
3955750
3955692
3955683
3955411
3954223
3954220
3954219
3954003
3953988
3953911
3953133
3952439
3901888
3890543
3951553
3951464
3950688
3950317
3950268
3949673
3948482
3948356
3948234
3947454
3946817
3946481
3946480
3946370
3946325
3946072
3945529
3944666
3944468
3944085
3943787
3943672
3943579
3940563
3940373
3940039
3939051
3807693
3938134
3889795
3937300
3803244
3936955
3936953
3695077
3935336
3934567
3654490
3933355
3933268
3932844
3932421
3931508
3931423
3931238
3930996
3930786
3833851
3930051
3929689
3928882
3928693
3928658
3927107
3927103
3927102
3926782
3926760
3926159
3925159
3924929
3881532
3923119
3923072
3881134
3922968
3922772
3922493
3922360
3922229
3922068
3921554
3921428
3921276
3920804
3920460
3919312
3919091
3919052
3919048
3919038
3918280
3917983
3916733
3916731
3916566
3916397
3916393
3915946
3915945
3915257
3914207
3914206
3825404
3913500
3913270
3912982
3826515
3907258
3906878
3906586
3906383
3906382
3905962
3903540
3903475
3903290
3902125
3900063
3899833
3899690
3899669
3899275
3899179
3899115
3899108
3898218
3898071
3896955
3896617
3896173
3895872
3895016
3894829
3894762
3894754
3894526
3894361
3892690
3892689
3892688
3891698
3891576
3890415
3890229
3890228
3890068
3889040
3887890
3885671
3885496
3885384
3884836
3883599
3882064
3881177
3963171
3963157
3962857
3962818
3962684
3962661
3962604
3962602
3962586
3962295
3961940
3961811
3961780
3961736
3815266
3961660
3961630
3961629
3961297
3961183
3961059
3961047
3960938
3960912
3960891
3960624
3960505
3960130
3960034
3959967
3959878
3959754
3959628
3959214
3910130
3958722
3958716
3958649
3958496
3958461
3958437
3958436
3958262
3958071
3958070
3958067
3957898
3957897
2227926
3957541
3957283
3957242
3957030
3957021
3957017
3957007
3066383
3956948
3956855
3956710
3956701
3881906
3956549
3956548
3956546
3956525
3261281
3459167
3955819
3955702
3955701
3955427
3624391
3907126
3955048
3954984
3954926
3954802
3954797
3954719
3954701
3954698
3954539
3954522
3954450
3954243
3954206
3830740
3953679
3953631
3953560
3953545
3953510
3953384
3953351
3908421
3816303
3952914
3952867
3838835
3952278
3952038
3951912
3951883
3951771
3951651
3951650
3951551
3951442
3951339
3805057
3950870
3780288
3950632
3950624
3950536
3950414
3950182
3950176
3949844
3949807
3949570
3908723
3863481
3949042
3949041
3948992
3667291
3948476
3948343
3947983
3947810
3947809
3759849
3947092
3946905
3946815
3946797
3946780
3945637
3945577
3945560
3902597
3945008
3944788
3944685
3900093
3817147
3944325
3944293
3786484
3664365
3943601
3943599
3943596
3943003
3943002
3942588
3942581
3942104
3941172
3940990
3940682
3940377
3940243
3940109
3939993
3939661
3939472
3939283
3939081
3939078
3939075
3938848
3938808
3938642
3938614
3938462
3938169
3938111
3884904
3937946
3937865
3937864
3937811
3937711
3889838
3937682
3937578
3937538
3937032
3936548
3936547
3936424
3936326
3936141
3936110
3936077
3935925
3935695
3935570
3935549
3935498
3935289
3935036
3934963
3934903
3934859
3934776
3161005
3934722
3934716
3934582
3934536
3934465
3934090
3934044
3934023
3933963
3933924
3933879
3933687
3933662
3933651
3933582
3933580
3933521
3933401
3933362
3933347
3933316
3932726
3932351
3932349
3932327
3932263
3932119
3932118
3932117
3932032
3931794
3931184
3931127
3931102
3931021
3930640
3930363
3929523
3929297
3749928
3885701
3928615
3928406
3928371
3928242
3928153
3927930
3927864
3927698
3927693
3927624
3831788
3926968
3926940
3926757
3926723
3926715
3925937
3925772
3925569
3925448
3925296
3924986
3924953
3924879
3924786
3924454
3924267
3924265
3831293
3923878
3923853
3923348
3923347
3923283
3923159
3923156
3923126
3923123
3923077
3862808
3922656
3922622
3922614
3922612
3922505
3922416
3922156
3845793
3921851
3921821
3921700
3921675
3921501
1676949
3921197
3921160
3921022
3920765
3920441
3920362
3920307
3919804
3919537
3919374
3919372
3919326
3919223
3919020
3918937
3033138
3918752
3918748
3918708
3918636
3918579
3809750
3918562
3918530
3918528
3918525
3918499
3918463
3918460
3918351
3917806
3645043
3917676
3917158
3226808
3916780
3916756
3916732
3916483
3916472
3916066
3916010
3915607
3915197
3915189
3914503
3913836
3913451
3913310
2702145
3913155
3913137
3913134
3913019
3913007
3912985
3912983
3912830
3912701
3912673
3912657
3912460
3912428
3912380
3912180
3912175
3912159
3912086
3911983
3911979
3911926
3911845
3911763
3911692
3911535
2609627
3827656
3910958
3910613
3910460
3910442
3910289
3413600
3618027
3909904
3909746
3909743
3909737
3909731
3909728
3909596
3909595
3909496
3635699
3908860
3908826
3908712
3908670
3908635
3908559
3908338
3907492
3907414
3907374
3907229
3907142
3907124
3906879
3906782
3906585
3906407
3864448
3906329
3906118
3905922
3905841
3905337
3905052
3904768
3904767
3904679
3904634
3904617
3903573
3903476
3903095
3902551
3902478
3902020
3901889
3901603
3900754
3900749
3900488
3900276
3900121
3899948
3899861
3899797
3899794
3899657
3899620
3899601
3866215
3899216
3899149
3899127
3899106
3837618
3898615
3898592
3898563
3898485
3898375
3898374
3898373
3898166
3898138
3898019
3897998
3897859
3897858
3897855
3897782
3897614
3897604
3897134
3896143
3895551
3895190
3894029
3893604
3893583
3893430
3893397
3893130
3892962
3892895
3892233
3892052
3891943
3891942
3891894
3891614
3891572
3891472
3891189
3891004
3890999
3890907
3752823
3890682
3890661
3846024
3890513
3890479
3890475
3889503
3889404
3889177
3889022
3888967
3888544
3513811
3888418
3888346
3888313
3888193
3888046
3887588
3887090
3886817
3886809
3886704
3886363
3886243
3886116
3886062
3885796
3885698
3885672
3885536
3885443
3885385
3885199
3884963
3884954
3884943
3884830
3731645
3884130
3883804
3883797
3883784
3883442
3883244
3883090
3883004
3139410
3882748
3882258
3882005
3882004
3881907
3881836
3881714
3881710
3881421
3881249
2770767
3880852
3880473
3880288
3962653
3725780
3961838
3073076
3961138
3960455
3960388
3960142
3960083
3959969
3240166
3693521
3959651
3785166
3959443
3959328
3959257
3958948
3958693
3916369
3700215
3957902
3957883
3957630
3957335
3957133
3957008
3957004
3956405
3955679
3955436
3725384
3954707
3954154
3953828
3953539
3953119
3953003
3855069
3951666
3951521
2959220
3866408
3866431
3950109
3864706
3716223
3949106
3949026
3948696
3948248
3323373
3826899
3698624
3947318
3947248
3947229
3947015
3946674
3946109
3945924
3079531
3945828
3945332
3944846
3944827
3944795
3944784
3944744
3944636
3776900
3597665
3944379
3944069
3943809
3943698
3943540
3943495
3844254
3943243
3757378
3942101
3941637
3941490
3940661
3858054
3940149
3939850
3898259
3939756
3814315
3302982
3852358
3777315
3853381
3939241
3939235
3938936
3938811
3938668
3850922
3936937
3936905
3848361
3935772
3935648
3935411
3935305
3854836
3934761
3934390
3782439
3934109
3934038
3645989
3834198
3932943
3932828
3932362
3932209
3931825
3931332
3930962
3838175
3930602
3930521
3930454
3930444
3757294
3930328
3847051
3929918
3425603
3929663
3929313
3708251
3928400
3881831
3594122
3927521
3057382
3204836
3927127
3926718
3926576
3926285
3926095
3925785
3535418
3925313
3924999
3924435
3924006
3923290
3923154
3922531
3922527
3739258
3922085
3922080
3922072
3920907
3920703
3920660
1742781
2596167
3919959
3919939
3919780
3919282
3739242
3442772
3918915
3918106
3917706
3917271
3847571
3917027
3916844
3916735
3757974
3916016
3915974
3915851
3914118
3913828
3912676
3911940
3911750
3911023
3910639
3395082
3909244
3909111
3909088
3732313
3908966
3908404
3908396
3908331
3718726
3907927
3907600
3907432
3907058
3907006
3906990
3906898
3906011
3905672
3905664
3905577
3905263
3904649
3706668
3826324
3816687
3903801
3803462
3903182
3903282
3903038
3902707
3902557
3902543
3901873
3809715
3901749
3901690
3901492
3901368
3901340
3774227
3901153
3901019
3597097
3900661
3470929
3900270
2525920
3899606
3899296
3899123
3670321
3529308
3896570
3896316
3895878
3895738
3895718
3895708
3895471
3895452
3895244
3895165
2642572
3794631
3813189
3894120
3894077
3714291
3893891
3509443
3893788
3892551
3792859
3554811
3554804
3791222
3649395
3488924
3891662
3891657
3891656
3891563
3891515
3891380
3891286
3891182
3891158
3802849
3814469
3890301
3757621
3889961
3889672
3889278
3889259
3729732
3888119
3887533
3887266
3791349
3886270
3884610
3884391
3883646
3734281
3803808
3466348
3882758
3802569
3881549
3881521
3881424
3880909
3811979
3962512
3962456
3962306
3831806
3854366
3875325
3961158
3870856
3960575
3959806
3866404
3958895
3958255
3892660
3957752
3957675
3957669
3956438
3956334
3955729
3955589
3955576
3771853
3953526
3953441
3951314
3951025
3949388
3949242
3949132
3948215
3948057
3810141
3945132
3808794
3944649
3944374
3204412
3943770
3943280
3943201
3854757
3309521
3942964
3942508
3942035
3941987
3941529
3941404
3940440
3940221
3939884
3850873
3936972
3936715
3935403
3439924
3934701
3934626
3934304
3932989
3932436
3931824
3931605
3931395
3931103
3931007
3931000
1914432
3928108
3927217
3926622
3926396
3926175
3925760
3925007
3924151
3923729
3922694
3921574
3876957
3920286
3920213
3919817
3919643
3919490
3685498
3814522
3917317
3917010
3916992
3915597
3914703
3735627
3913774
3913244
3912288
3911466
3910751
3910511
3910136
3907649
3909114
3908607
3907268
3907078
3906913
3906651
3906171
3905896
3905854
3905583
3903585
3903558
3903112
3902949
3902882
3902802
3901779
3164834
3901454
3901408
3806361
3802994
3900416
3900176
3899102
3898190
3898158
3897562
3897249
3897128
3896930
3896878
3896863
3896786
3810886
3230684
3895870
3895177
3799660
3894410
3894210
3894163
3894106
3893999
3162241
3892417
3892303
3892010
3891729
3891653
3808878
3891272
3890412
3810515
3890351
3889861
3889721
3475046
3889043
3889002
3888609
3887581
3614585
3885876
3850009
3440856
3883608
3725209
3883197
3796307
3881472
3455080
3756544
3963120
3963023
3962796
3962773
3962580
3962465
3475990
3962229
3962045
3866121
3961676
3961561
3961523
3961460
3716371
2332355
3338613
3083518
3961004
3961000
3595082
1861712
3959499
3959446
3959342
3959340
3959274
3959057
3868273
3871817
3958233
3870922
3957582
3957531
3957509
3957470
3957362
3957015
3956935
3956839
3956459
3956095
3956075
3956047
3955864
3863256
3955387
3747527
3954978
3954956
1770973
3953997
3953489
3953416
3953239
3871946
3952717
3952501
3952288
3850748
3790083
3788975
3878194
3910384
3597500
3951385
3951293
3951262
3950666
3698467
3950527
3950470
3788709
3950271
3950108
3950017
3895641
3949621
3949561
3949516
3949162
3948627
3948524
3948514
3948384
3948347
3948276
3817727
3946942
3946825
3380601
3859527
3861216
3862431
3946374
3946316
3946259
3946210
3946196
3946118
3429976
3767875
3327457
3945450
3779006
3944439
3944247
3938076
3813994
3944172
3943793
3943726
3471826
3943517
3943407
3731959
3942907
3942248
3942017
3941362
3941326
3940986
3940567
3833622
3940036
3855800
3938862
3938775
3723374
3938753
3938400
3938396
3938007
3705797
3937691
3937576
3937530
3937283
3936464
3936401
3850061
3934898
3934838
3934765
3877587
3884924
3481033
3933435
3933211
3818387
3932771
3354657
3698021
3070117
3932417
3932352
3932211
3932102
3931846
3931534
3931370
3931333
3931281
3776526
3930948
3930931
3834565
3930435
3772550
3930093
3929522
3871844
3928613
3927622
3669665
3105011
3926976
3926368
3926169
3925766
3925259
3925238
3924980
3923999
3923907
3706203
3923609
3923300
3922930
3922533
3922481
3922002
3921966
3921814
3921750
3833661
3921343
3920978
3920636
3820981
3919715
3919452
3919403
3618182
3835455
3919258
3919211
3752440
3918721
3918536
3918485
3917227
3917222
3422293
3916619
3827729
3282095
3775482
3728682
3720775
3589850
3916351
3916071
3915051
3913521
3913375
3912302
3912107
3911875
3911402
3911103
3910915
3910658
3909565
3909556
3909264
3908397
3908328
3908155
3907992
3907844
3906854
3805148
3906104
3905557
3730687
2826501
3823227
3904614
3904544
3904503
3904249
3904169
3904153
3903932
3903508
3903473
3903342
3903008
3902973
3902610
3902556
3796502
3902049
3901925
3901771
3901676
3901164
3900359
3898745
3898191
3898176
3315797
3897372
3896697
3730033
3895898
3895747
3895743
3895727
3852305
3895300
3895275
3895231
3895002
2793568
3894689
3894223
3809029
3812860
3894170
3893939
3892921
3892638
3803873
3891824
3891324
3891153
3891083
3890965
3890866
3890794
3890432
3691458
3593958
3435371
3890181
3580069
3680391
3889282
3889157
3888781
3888687
3888422
3492571
3805830
3196428
2735824
3792323
3886923
3886855
3886551
3886316
3886077
3885430
3885151
3885017
1701739
3884415
3822547
3884390
3884218
3801243
3884192
3884040
3725038
3883569
3538995
3882729
3882146
3881467
3881167
3880900
3880667
3880555
3822612
3810152
3962873
3962831
1750645
3962443
3962059
3961888
3961779
3961470
3961362
3802651
3961302
3961148
3270256
3960994
3917764
3874283
3960428
3960291
3960099
3959871
3959539
3918602
3748938
3870909
3915730
3864591
3127206
3958520
3958470
3958402
3918495
3958138
3957818
3957816
3957738
3957298
3956963
3956872
3956354
3956185
3956111
3871077
3955515
3955284
3955061
3912329
3916793
3954631
3954495
3954304
3952129
3953896
3852939
3953181
3953140
3952880
3952874
3952599
3489216
3952390
3952294
3951957
3878045
3786822
3951685
3951683
3802793
3951258
3801859
3823145
3951103
3420312
3950846
3950736
3950361
3950355
3950227
3950113
3950038
3949811
3949671
3949634
3949523
3949495
3949491
3949466
3949387
3949204
3948906
3948858
3948618
3948542
3948501
3948491
3948458
3948349
3948305
3948219
3947656
3947618
3947449
3947414
3946789
3946738
3946444
3946138
3946120
3946078
3904401
3834111
3785774
3945619
3945594
3945319
3945314
3944836
3944806
3661812
3944642
3944641
3944608
3780777
3944181
3944166
3943791
3943658
3943324
3943175
3147449
3943068
3943026
3942683
3942628
3867998
3410638
3941961
3941814
3941689
3941682
3941444
3941441
3941336
3941224
3940850
3775460
3940705
3939983
2563272
3884123
3885746
3885949
3939893
3632421
3777148
3939467
3939452
3851297
3894699
3861547
3938812
3937882
3937857
3937766
3937421
3937264
3937185
1648677
3937122
3937049
3936983
3936826
3852385
3936700
3936556
3841659
3762767
3936122
3935796
3935790
3935750
3935720
3935662
3935383
3935308
3934950
3934834
3836308
3837652
3934802
3934469
3231772
3934073
3845614
3850895
3933333
3870944
1628286
3379629
3840482
3932409
3932030
3931955
3931879
3931837
3931736
3849179
3475886
3930970
3832815
3930737
3930586
3930580
3930481
3930381
3930195
3929998
3929962
3764836
3929866
3929865
3929492
3929371
3929009
3507281
3928582
3928565
3928540
3927828
3927094
3696412
3926956
3926916
3926774
3877490
3926710
3926559
3926327
3886292
3926234
3926076
3925990
3925883
3925691
3925586
3925566
3925284
3882905
3925024
3924963
3924608
3872649
3924274
3798646
3924059
3837147
3923964
3923906
3864330
3923308
3922606
3922597
3734914
3922453
3922368
3922340
3554295
3921850
3921283
3921251
3921132
3921102
3920915
3460953
2650960
3920749
3825805
3920401
3919867
3919716
3919416
3835439
3919121
3918881
3918584
3714652
3918138
3918077
3917813
3871687
3916834
3916688
3797735
3916274
3916064
3843429
3915713
3915622
3319495
3914896
3914322
3175811
3913497
3771701
3494827
3912484
3128787
3912280
3911418
3910822
3910671
3910261
3910102
3822877
2906570
3909336
3909239
3909238
3909153
3908427
3908096
3908061
3907925
3907758
3907314
3907307
3830760
3907092
3906762
3806223
3863815
3906497
3905750
3819767
3905501
3905284
3905158
3905093
3905046
3815686
3904167
3904139
3826307
3903915
3903910
3903827
3903694
3903323
3903322
3903212
3902934
3902871
3820978
3902434
3902141
3902123
3902118
3902002
3643633
3901462
3901451
3901233
3817380
3596995
3671559
3012459
3900114
3900048
3809174
3899492
3899312
3899159
3842067
3899046
3898844
3898600
3898547
3848551
3898202
3897982
3897652
3806084
3815954
3896938
3896776
3896075
3895723
3895657
3895625
2575499
3895534
3593096
3895464
3895278
3495919
3895220
3895198
3894911
3894340
3814527
3894212
3728665
3894115
3894087
3893721
3893610
3893567
3893557
3812868
3738155
3788593
3892854
3580014
3809639
3892217
3890921
3890327
3890220
3889604
3889435
3889378
3889366
3889280
3791094
3806314
3888722
3888571
3888260
3888195
3888087
3887228
3887194
3886820
3800831
3886493
3797044
3886050
3886040
3885844
3885686
3821089
3885616
3885345
3885284
3885192
3885112
3884980
3134686
3884044
3884021
3883778
3883657
3883510
3803829
3883161
3882903
3809505
3882667
3882343
3882085
3789713
3801897
3881758
3881740
3881535
3801039
3881236
3839862
3880583
3807141
3720352
3960324
3685816
3871598
3663877
3959076
3959048
3958518
3666864
3958346
3730619
3755139
3957923
3634218
3957255
3957012
3956914
3864046
3956243
3956012
3955158
3954389
3949898
2671012
3526081
3953142
3952918
3952651
3712226
2814306
3029146
3718634
3749783
3950348
3866660
3653816
3836168
3948692
3948346
3862694
3947802
3946762
3946718
3946417
3945462
3945454
3945069
3945048
3944594
3944135
3711962
3943309
3943274
3942829
3725698
3942510
3941330
3941205
3940978
3940888
3707972
3938163
3937663
3089982
2937893
3937626
3937587
3936354
3935691
3934070
3933612
2424335
2709246
3527072
3932937
3932431
3931926
3931489
3931464
3931424
3077252
3930800
3887594
3832938
3929322
3886968
3812714
3927208
3926846
3926110
3925475
3832689
3925306
3874279
3923803
3774267
3923396
3923352
3922098
3830941
3750884
3706459
3920839
3697873
3845033
3917752
3818275
3916077
3916048
3915256
3915080
3915075
3816825
3913919
3913318
3849613
3246260
3830266
3911426
3732085
3911120
3910647
3910047
3909937
3909319
3908864
3820274
3781641
3906286
3740865
3905227
3904688
3904562
3902904
3902805
3902662
3902553
3902063
3901329
3817843
3646812
3900453
3899034
3898827
3898554
3898312
3096895
3895807
3412748
3814725
3706484
3287361
3895219
3894798
3894136
3894105
3894001
2702657
2990101
3840918
3892380
3891187
3891088
3418670
3889953
3217619
3888746
3888480
3886602
3885695
3884079
3883423
3882612
3469171
3881464
3527167
3880730
3761932
3963197
3963013
3962866
3664667
3962381
3742545
3961938
3877558
3961924
3075457
3961492
3961481
3961469
3961426
3961391
3960894
3960795
3960791
3960744
3960743
3960672
3960670
3960666
3960664
3960662
3960637
3960623
3960326
3960325
3959996
3959894
3959776
3959756
3811386
3959664
3959648
3959644
3959627
3959502
3959430
3959315
3959303
3959240
3959233
3958961
3958592
3958249
3958214
3958177
3957823
3957779
3957725
3957609
3868315
3957653
3957644
3957641
3707555
3725396
3957152
3900611
3956896
3956804
3956740
3956685
3956601
3956550
3956524
3956495
3956428
3956424
3956362
3956306
3914175
3864177
3955914
3955592
3955579
3955556
3955543
3955540
3955507
3955298
3908555
3955228
3955164
3955141
3955135
3955119
3955112
3911766
3873981
3954826
3954788
3470298
3954175
3954142
3866292
3953741
3953728
3953706
3953700
3953694
3953680
3953678
3953561
3953550
3953535
3953294
3953251
3953233
3953223
3953209
3953171
3640338
3952929
3952796
3952689
3952640
3952633
3952573
3952550
3952509
3952487
3952369
3952324
3952239
3952219
3952134
3952087
3952023
3952016
3952014
3951989
3951731
3951718
3951696
3951672
3951655
3951643
3951612
3951582
3951319
3951268
3951188
3951069
3950885
3950866
3950826
2756158
3950773
3950702
3950671
3950670
3950580
3950563
3950532
3950326
3950275
3950224
3950106
3950085
3950013
3949949
3949909
3949885
3949560
3949330
3949253
3949238
3948896
3948754
3948749
3948709
3948707
3948673
3948643
3948641
3948505
3948420
3948330
3948282
3773978
3947883
3947593
3947562
3947544
3947520
3947177
3947035
3663834
3946993
3946957
3946748
3946698
3946628
3946372
3946335
3946070
3945943
3945695
3945688
3945687
3945686
3945685
3945627
3945433
3945416
3945393
3945324
3945287
3945223
3945186
3945181
3945172
3945168
3945166
3945149
2727863
3945122
3945081
3944928
3944735
3944729
3944684
3944572
3776924
3832791
3944252
3944066
3904435
3943889
3943765
3943732
3943711
3943692
3290099
3943527
3833096
3901732
3847411
3943354
3943259
3943169
3943145
3943077
3943074
3942997
3942843
3942834
3942512
3942473
3942312
3942295
3942231
3942227
3942215
3942199
3777357
3942105
3942054
3941837
3941827
3941763
3941650
3852517
3941352
3941219
3941200
3941061
3941042
3940922
3940879
3940880
3940864
3940507
3896612
3940129
3940106
3939906
3939871
3939785
3939769
3874407
3939760
3939757
3939738
3939709
3939690
3939433
3939397
3939336
3939037
3938634
3938633
3938618
3938580
3938536
3938518
3938489
3938469
3938423
3852554
3893795
3938415
3938355
3938347
3938345
3938261
3938104
3937936
3937880
3937787
3937703
3937701
3937688
3937645
3937631
3937596
3937586
3937462
3937385
3937281
3937275
3937251
3893890
3825730
3779291
3937092
3937035
3936989
3936756
3936747
3936740
3936644
3936596
3936493
3936468
3860122
3870929
3936372
3936330
3936312
3936224
3935905
3935904
3935878
3935868
3935731
3935729
3935698
3935688
3935689
3935586
3935583
3935530
3935492
3935468
3935426
3935381
3935293
3935202
3934990
3934836
3934558
3934324
3934174
3934166
3934139
3934116
3934104
3934046
3934024
3933988
3933945
3933885
3933805
3933802
3933760
3933759
3933555
3933403
3933402
3932959
3932908
3932895
3932892
3932738
3932708
3932587
3641557
3829184
3932288
3931970
3931881
3931726
3931725
3931694
3931616
3931597
3931559
3931537
3931070
3930993
3930929
3930693
3930667
3930650
3930614
3930611
3930607
3930605
3930488
3930242
3057393
3929651
3929647
3034665
3929626
3929598
3929537
3929480
3929417
3929394
3929384
3929358
3929303
2871003
3929115
3929053
3928965
3831323
3928486
3928383
3928318
3832412
3928260
3928240
3928217
3928214
3927979
3927951
3927925
3927903
3927787
3522628
2014791
3927591
3927216
3840281
3926917
3926879
3926597
3926367
3926232
3925971
3925571
3925553
3925264
3924921
3924914
3924715
3924459
3924457
3924453
3924291
3924092
3923998
3923939
3923916
3923897
3923756
3923749
3923630
3923557
3923535
3923504
3923437
3923386
3923376
3923298
3923238
3922798
3922790
3922766
3922677
3922518
3922480
3922455
3922348
3922320
3922292
3922290
3922272
3922207
3922185
3922121
3922099
3922082
3921897
3921882
3921783
3921782
3741893
3921714
3921663
3921586
3921582
2817032
3921304
3921256
3920916
3920890
3920768
3827750
3920037
3919986
3919878
3919058
3919043
3919009
3919006
3918820
3918661
3918484
3918256
3918161
3918137
3918135
3918001
3760129
3917729
3917613
3917562
3917348
3917328
3183749
3916951
3916932
3916317
3916213
3916132
3916127
3915817
3915756
3915359
3915129
3915128
3915126
3915123
3915115
3915110
3914856
3914743
3914564
3785073
3914332
3871133
3913641
3913534
3438698
3913501
3913128
3913101
3912949
3827685
3912097
3911757
3911710
3911685
3911593
3911589
3911136
3909988
3686419
3909795
3909601
3909541
3909370
3908965
3827441
3908475
3908463
3908336
3732304
3908285
3908089
3908069
3908053
3908033
3907984
3907959
3907864
3907784
3907777
3907727
3907304
3729215
3906724
3906438
3906417
3906370
3906191
3906088
3905875
3905826
3905767
3905616
3905510
3905436
3905427
3905107
3905013
3904998
3904956
3904946
3904827
3904824
3820860
3904682
3904647
3904489
3904453
3904452
3904328
3904317
3904290
3903811
3903649
3903592
3903580
3902711
3902675
3902514
3902299
3901829
3901318
3901302
3901074
3209732
3900829
3900821
3900735
3900482
3900342
3900241
3900109
3899958
3899694
3899370
3899235
3898674
3856894
3898502
3807622
3898206
3898003
3897972
3897716
3897573
3727793
3896755
3896565
3896309
3896218
3895883
3895882
3895881
3895672
3895433
3895375
3895312
3894839
3894799
3894585
3894051
3893978
3893807
3893796
3893739
3893465
3893257
3893073
3893072
3892846
3892386
3891666
3891496
3806915
3891110
3891025
3890881
3890743
3890647
3890646
3890489
3890372
3890312
3890237
3889946
3889888
3805751
3889550
3889316
3889211
3888970
3888904
3888161
3729666
3887146
3887084
3887067
3886948
3886864
3886844
3886655
3886650
3886646
3886641
3886516
3886480
3886451
3701162
3782690
3885737
2561334
3885501
3885462
3885367
3885315
3154194
3885249
3885153
3885004
3884961
3884630
3884519
3830618
3884084
3884060
3884018
3883931
3883580
3734404
3883220
3732916
3661551
3882930
2568201
3882597
3882429
3882082
3882025
3881869
3881822
3881315
3881260
3819629
3880486
3880298
3880270
3880238
3810187
3735282
3952159
3925410
3924838
3908681
3900498
3897642
3884434
3884424
3883880
3963187
3963118
3962889
3962685
3960829
3958460
3685911
3913435
3957588
3957236
3956982
3956789
3956240
3956235
3955501
3955219
3954512
3954417
3953999
3953966
3953806
3953203
3950928
3950906
3950375
3950358
3950289
3950079
3950071
3949839
3949252
3947095
3850427
3946785
3946772
3946520
3945872
3945098
3945032
3944956
3944726
3944529
3944052
3943648
3826677
3943110
3942405
3942394
3942376
3942346
3941764
3940460
3939997
3899434
3939870
3939748
3843945
3939220
3938954
3938946
3938944
3938923
3938922
3938918
3938912
3938900
3938897
3937054
3936846
3936827
3936803
3936175
3936011
3935701
3935536
3935521
3935516
3935276
3935191
3935165
3702936
3934804
3934728
3933898
3933544
3933503
3933408
3933101
3933094
3933038
3933022
3932109
3932086
3931966
3931931
3931883
3931835
3931563
3931001
3930728
3930595
3929642
3929439
3929374
3929266
3929169
3929032
3928992
3928990
3928681
3928504
3928370
3928365
3838460
3928265
3927919
3927862
3927856
3927178
3926524
3926484
3925973
3833048
3925857
3925832
3925720
3925500
3925364
3925347
3925302
3925262
3924764
3924702
3924631
3924582
3924569
3924167
3924139
3924134
3924107
3924101
3924095
3924093
3924090
3924042
3924035
3924024
3923967
3923732
3923691
3923624
2966136
3923066
3922921
3922437
3922285
3922262
3921963
3921961
3921945
3921910
3921600
3921334
3800859
3918673
3918616
3916073
3914920
3914235
3913030
3912745
3912191
3911984
3911897
3911816
3910947
3908992
3908553
3908223
3906932
3904809
3904651
3904335
3903608
3903560
3903559
3808356
3902069
3901975
3899224
3898605
3898246
3898107
3897974
3897934
3897753
3897186
3897050
3896794
3896765
3895607
3895590
3895535
3895212
3894174
3894173
3894066
3893446
3893429
3892972
3892966
3892965
3892963
3892786
3892664
3891248
3206092
3890610
3890609
3890605
3890319
3890300
3890088
3889975
3889927
3889914
3889133
3889027
3889021
3888085
3885919
3885867
3803844
3884065
3883965
3883940
3883938
3883867
3883861
3883840
3883679
3883654
3883551
3883547
3883525
3883513
3882744
3882717
3882684
3882652
3881376
3881369
3881364
3881359
3881288
3881278
3881198
3881152
3881120
3881029
3881012
3880379
3963015
3962985
3962967
3962960
3962939
3962930
3962812
3962765
3962740
3962699
3962286
3962122
3961805
3961786
3961700
3961661
3961653
3961509
3961466
3961455
3961405
3961350
3961346
3879023
3961224
3961152
3961113
3590726
3838485
3960869
3960690
3960677
3960458
3960289
3911421
3960044
3960008
3959863
3959854
3959816
3959660
3959656
3862819
3958844
3958838
3958819
3958801
3958791
3958503
3839587
3679363
2838791
3958129
3957977
3957672
3957603
3957600
3957456
3957453
2650394
3225724
3956808
3956266
3956072
3955845
3955791
3955734
3955733
3955657
3955653
3955448
3955363
3955221
3954964
3954929
3954821
3954496
3954481
3954445
3954381
3954369
3954308
3954296
3954265
3953981
3953920
3953826
3953646
3769210
3953393
3953371
3953360
3953293
3953285
3953280
3953182
3953065
3952761
3952722
3952698
3952697
3952680
3952602
3952418
3952356
3952340
3952328
3246287
3952313
3952292
3952264
3952249
3539499
3952050
3725229
3951652
3951645
3951628
3951626
3951547
3951425
3951422
3951358
3951079
3951031
3951009
3950892
3950850
3950827
3950822
3950812
3950803
3950780
3950778
3950748
3950678
3950599
3950531
3950523
3950417
3950347
3950293
3950285
3950118
3950076
3950055
3949994
3949967
3866411
3949617
3949592
3863694
3824148
3948988
3948954
3948948
3948922
3948711
3948675
3948651
3948631
3948416
3864871
3948084
3948012
3947973
3947961
3947758
3947701
3947639
3947557
3947547
3947169
3947150
3857844
3857822
3812411
3712174
3947012
3946916
3946836
3946827
3946812
3946768
3946688
3946540
3946204
3946152
3946125
3945952
3945902
3945874
3945424
3861237
3945378
3858357
3945360
3945327
3945279
3945276
3945191
3945005
2875309
3944828
3944670
3944277
3944204
3944188
3944174
3944095
3944064
3943848
3943843
3943782
3901157
3943524
3899342
3942794
3942736
3942696
3942692
3011520
3942375
3942337
3942285
3942216
3942044
3941922
3941695
3941655
3941554
3941245
3941197
3941112
3940984
3940958
3940757
3851445
3940623
3940495
3940442
3940186
3940184
3940178
3940176
3939982
3939943
3939931
3939898
3939857
3939826
3939642
3939570
2980033
3142093
3939546
3939454
3939067
3938905
3938840
3938760
3888038
3938473
2647825
3937928
3937917
3937884
3937870
3937838
3937833
3937832
3937749
3937737
3937714
3937683
3937647
3937643
3937625
3937613
3937543
3937525
3937436
3937375
3937372
3937170
3936969
3936948
3936600
3936585
3936579
3936230
3936219
3936126
3935799
3935574
3935493
1821527
3935434
3222910
3935265
3935245
3841779
3772634
3934557
3934554
3934522
3934234
3934217
3519698
3934123
745451
3934039
3933707
3933652
3933609
3933502
3933414
3821322
3932724
3845376
3932477
3932250
3932195
3932183
3931859
3931848
3931811
3931778
3931573
3931461
3931447
3931441
3931442
3931321
3931318
3931289
3931073
3931005
3930994
3930949
3930872
3930844
3930793
3930790
3847222
3930736
3930726
3930669
3930657
3930593
3930540
3930400
3930380
3929669
3834712
3929401
3929379
3929131
3928974
3928959
3928922
3928781
3834825
3928739
3928700
3928561
3705904
3928147
3928131
3927832
3927829
3927327
3927323
3927284
3927279
3927160
3927089
3926981
3926589
3926506
3926478
3926441
3926423
3926374
3926105
3926034
3926003
3925793
3925791
3925656
3925652
3925607
3821312
3925443
3925363
3925349
3925150
3925140
3925017
3924799
3924728
3924726
3924701
3924316
3924168
3924156
3924129
2758578
3923989
3923952
3923941
3923670
3923645
3923613
3923413
3875917
3689500
3923130
3922776
3922670
3922666
3922654
3922650
3922626
3922623
3922599
3922550
3922435
3643828
3921936
3921916
3701720
3921570
3770290
3920958
3920910
3919894
3919746
3919638
3919287
3828872
3918983
3918415
3918398
3874550
3917544
3917291
3917218
3917198
3916934
3459953
3916672
3830469
3915659
3915636
3915397
3915389
3915111
3914935
3914620
3914607
3913958
3913905
3913387
3913223
3913194
3913003
3815378
3733010
3912557
3829410
3912028
3911768
3192954
2951035
3910931
3910815
3910387
3910371
3910048
3910038
3909969
3909446
3909393
3909385
3909185
3908930
3908686
3908662
3908650
3908627
3908457
3908438
3818210
3908237
3194522
3907883
3907845
3907469
3907297
3907135
3907060
3906920
3906846
3906470
3906265
3906249
3906206
3906202
3906063
3905994
3905979
3905977
3905975
3905780
3905566
3905558
3905478
3905454
3905415
3905346
3905328
3471578
3905260
3904686
3904657
3904381
3904162
3904039
3904033
3903542
3903306
3903264
3903050
3782663
3902748
3902175
3901930
3812633
3901716
3582522
3859191
3901290
3901202
3900437
3900255
3900133
3900012
3899732
2971764
3899313
3899298
3899253
3742368
3855027
3899236
3899232
3898889
3898876
3898729
3898618
3898004
3897914
3896995
3895499
3895417
3852099
3895000
3894276
3894251
3893765
3845454
3893081
3893080
3893075
3893074
3892967
3564615
3892749
3892519
3892001
3891996
3891469
3891416
3891396
3891245
3890858
3823448
3890774
3890598
3890405
3890360
3890294
3890042
3890015
3889874
3889827
3889823
3889750
3889420
2518539
3888633
3888475
3887749
3887412
3887114
3886785
3886772
3886613
3886609
3886524
3885881
3885832
3885691
3885677
3885675
3885674
3885669
3885090
3885023
3885013
3806046
3883905
3788371
3883793
2655395
3642650
3666981
3883701
3883692
3883494
3883355
3883271
3883192
2753338
3882653
3655389
1709381
3882536
3882319
3787885
3881631
3881370
3880872
3880744
2937348
3963192
3963002
3962968
3962951
3962869
3962854
3962852
3962841
3962839
3962838
3962833
3962832
3962825
3962820
3962805
3962789
3962776
3962347
3962204
3962078
3961996
3961722
3961382
3961361
3961327
3961232
3960819
3960224
3960199
3960108
3960027
3959892
3959866
3959550
3959497
3959482
3959468
3959433
3959395
3959383
3958882
3958837
3958696
3958664
3958661
3958652
3958641
3958634
3958628
3958608
3958576
3958367
3958287
3958235
3958224
3958209
3957719
3957646
3957599
3957539
3957302
3957250
3957215
3957205
3957176
3957140
3957079
3957074
3956973
3956881
3956823
3956714
2199646
3956464
3956410
3956400
3956372
3956365
3956315
3956276
3956261
3956217
3956192
3956161
3955642
3955604
3955567
3955528
3955272
3955246
3955117
3954402
3954388
3953994
3953977
3953955
3953919
3953681
3953666
3953403
3953314
3952868
3952803
3952589
3951482
3951458
3951453
3951411
3950974
3950959
3950731
3950726
3950676
3950020
3949668
3948945
3948866
3948588
3948497
3948250
3948190
3948123
3947652
3947597
3947134
3946933
3946826
3946677
3946644
3946626
3946624
3946614
3946609
3946569
3946528
3946521
3946476
3946454
3945961
3945135
3944683
3944004
3943915
3942689
3942600
3942575
3942532
3942526
3942521
3942516
3942500
3942477
3942464
3942457
3942392
3942323
3941967
3941964
3941950
3941944
3941908
3941881
3941859
3941758
3941742
3941343
3941304
3941193
3940749
3940324
3940182
3940029
3939772
3938648
3938552
3938271
3938256
3937733
3937692
3937624
3937609
3937590
3937514
3937497
3937471
3937368
3937353
3937188
3937177
3937141
3937110
3936692
3936598
3936095
3935997
3935940
3935915
3935490
3935266
3935242
3935233
3935035
3935033
3934779
3934766
3934733
3934674
3934635
3934617
3934612
3934608
3934607
3934513
3934508
3934500
3934479
3934477
3934347
3934333
3934312
3933632
3933599
3933597
3933589
3933550
3933467
3933444
3933437
3933205
3933062
3932307
3932237
3932171
3931973
3931755
3931716
3931612
3931294
3930999
3930972
3930916
3930911
3930883
3930730
3930624
3930591
3930543
3930028
3929431
3928953
3928918
3928359
3927926
3927823
3927786
3927767
3927611
3927579
3927556
3927292
3927270
3927211
3927168
3927151
3926947
3926886
3926659
3926625
3926118
3925875
3925660
3925530
3925095
3925027
3924858
3924847
3924430
3924394
3924312
3923976
3923961
3923532
3923196
3923124
3923087
3923085
3922577
3922473
3922345
3922224
3920449
3920359
3920020
3757900
3919264
3918634
3917629
3917570
3917238
3916218
3916202
3916180
3915640
3915116
3914545
3914544
3914016
3913914
3912566
3911182
3909459
3909167
3909112
3908428
3908415
3908196
3907923
3907447
3905941
3904717
3904348
3904085
3903975
3903524
3902064
3901358
3900468
3900205
3898593
3897844
3897631
3895868
3894422
3894235
3894209
3893779
3893759
3893077
3892838
3891273
3891156
3890982
3890876
3890528
3890253
3889561
3888795
3888788
3888278
3886866
3886839
3886138
3886124
3885588
3885435
3885322
3882436
3881628
3880925
3880275
3963211
3962977
3962769
3962729
3962459
3962398
3962374
3962182
3962103
3962097
3962035
3492987
3867424
3961695
3961682
3961631
3410063
3961504
2375952
3961422
3961378
3961305
3961173
3912933
3960932
3960919
3723949
3960606
3960251
3960178
3960153
3960137
3960128
3959891
3959552
3959313
3959280
3791636
3959029
3958892
3958805
3958795
3958792
3958787
3958687
2032160
3958568
3958378
3730668
3639746
3957994
3957878
3957862
3821813
3630454
3957782
3756654
3957166
2872296
2984459
3956449
3956182
3955675
3955648
3955621
3955557
3955527
3955506
3955390
3955364
3903422
3955200
3868632
3226017
3954913
3954497
3954494
3954245
3953765
3953744
3953634
3953544
3862940
3852234
3952842
3952661
3952306
3952251
3952052
3951956
3494478
3951474
3951465
3951291
3951259
3951178
3951145
3951090
3951005
3950956
3840213
3789555
3950601
3866826
3950401
3950263
3950216
3950198
3950143
3866315
3949970
3949952
3949908
3772645
3949771
3895222
3949618
3949567
3949557
3949543
3949332
3949318
3949023
3948989
3948955
3948722
3948456
3948443
3948231
3948212
3948206
3872568
3948039
3862172
3947761
3947724
3947720
3947642
3947450
3947374
3947209
3947114
3857135
3857876
3946834
3946829
3946828
3946675
3946661
3945445
3945011
3945002
3944934
3857037
3848640
3944870
3944845
3944779
3944715
3944672
3944604
3944587
3944576
3944554
3944368
3944343
3944199
3944134
3944118
3943910
3899707
3943635
3943195
3942801
3942743
3942738
3942593
3942578
3942431
3942412
3942246
3942178
1583061
3941415
3941399
3941398
3941397
3941380
3941371
3941347
3941279
3941276
3941165
3941123
3897984
3941001
3940988
3940874
3940856
3940752
3940750
3940674
3940630
3940590
3940548
3940053
3939750
3816600
3939600
3939542
3939523
3939521
3939352
3939284
3939131
3939028
3939020
3938853
3938725
3938558
3937921
3824824
3851615
3937745
3937546
3937531
3937512
3937157
3937145
3937085
3936974
3936963
3487972
3936909
3936716
3936699
3936478
3936315
3936284
3936221
3936197
3936171
3935981
3935869
3935794
3935474
3935438
3818856
3935040
3935038
3934986
3934980
3934972
3934914
3934797
3934700
3934605
3934471
3934433
3934385
3934367
3893811
3934193
3933711
3933682
3933669
3933663
3933581
3933099
3933068
3933015
3722400
3932935
3932842
3932815
3838753
3932651
3932592
3819388
3932500
3932476
3932447
3932439
3932432
3932285
3932003
3931928
3772126
3931483
3889739
3931011
3579982
3930937
3930758
3930714
3930706
3930643
3930636
3930623
3930434
3930120
3929826
3929778
3929588
3929572
3820706
3837106
3929293
3929243
3929204
3929136
3929039
3929024
3929007
3928957
3928914
3928646
3928541
3928479
3705901
3927915
3927881
3670514
3762399
3927470
3927329
3927245
3926743
3823727
3926613
3926588
3622525
3801048
3828399
3807287
3882791
3925792
3925786
3925775
3925768
3836069
3874925
3838553
3789360
3925385
3925256
3925137
3810583
3819595
3924956
3924846
3924390
3924237
3924009
3923994
3923962
3923955
3923930
3923891
3923832
3923766
3923683
3818999
3923648
3923605
3923525
3923418
3923415
3810884
3923251
3794607
3834694
3922950
3922778
3922645
3922617
3922598
3922431
3879379
3921953
3780957
3920783
3800068
3920742
3920739
3920684
3920009
2728671
2999859
3919900
2958384
3918903
3918555
3917977
3917941
3917756
3917717
3916962
3916929
3916871
3817744
3916615
3916607
3848542
3915776
3915664
3915543
3833116
3915114
3915112
3914672
3914548
3914406
3665456
3914315
3914155
3589562
3913341
3913323
3913235
3843894
3912190
3912166
3911925
3911822
3410142
3863595
3911588
3911487
3911408
3911329
3911323
3911297
3911203
3824422
3911154
3910736
3910719
3910684
3910251
3909423
3909397
2599452
3909053
3908809
3908689
3908646
3908188
3908114
3814011
3907854
3907336
3736109
3582063
3906803
3906681
3906671
3783981
3318387
3906663
3906415
3905877
3905863
3905805
3905801
3905797
3905795
3725099
3905748
3905731
2749454
3905180
3905179
3904755
3904747
2887035
3904226
3903663
3903662
3903221
3902740
3902722
3576359
3765354
3465232
3901954
3901942
3901895
3816224
3901704
3812478
3772090
3901204
3900725
3900717
3515360
3900100
3899490
3808601
3899289
3899085
3899037
3898109
3794566
3897789
3897410
3897345
3896734
3896601
3896370
3896179
3896106
3895821
3895626
3895486
3895401
3659225
3823166
3894991
3722724
3894774
3894241
3894236
3894217
3893691
3893262
3893078
3596934
3892599
3892541
3223460
3892080
3891858
3891482
3803578
3891168
3891003
3890961
1229236
3890604
3836460
3889579
3889428
2373961
3550875
3889196
3888887
3888863
3888274
3888091
3887611
3887381
3887215
3887151
3887128
3887042
3886760
3886715
3886580
3886351
3885827
3885752
3752044
3788554
3885401
3600203
3885087
3885047
3885036
3885018
3798719
3605636
3884359
3884177
3883969
3883803
3883483
3626212
3704770
3798655
3882412
3882154
3882113
3447114
3882105
3489344
3881211
3881081
3779536
3734633
3880798
3880761
3880423
3671442
3307683
3808349
3962507
3962180
3733322
3857579
3872478
3959565
3959397
3958097
3957402
3956471
3954452
3953263
3953111
3952516
3951781
3951648
3949390
3948005
3947156
3945121
3944358
3943192
3941570
3941173
3940751
3854293
3850379
3938777
3938497
3938470
3937519
3936870
3935933
3629680
3935364
3934175
3933647
3931583
3599237
3926322
3925733
3925732
3925142
3923662
3923081
3533816
3922429
3917812
3917586
3916217
3915163
3913687
3912877
3912297
3911286
3856921
3701262
3908706
3906157
3905236
3735248
3904047
3900612
3900495
3898680
3346412
3895157
3893603
3893549
3810903
3890864
3890291
3888245
3888204
3888129
3887542
3887492
3601200
3887324
3882879
3881915
3881334
3880903
3963182
3963181
3963051
3962929
3962842
3962826
3962477
3962412
3962407
3962277
2844427
3962021
3961879
3961765
3961576
3961354
3961032
3960789
3960552
3960417
3533590
3959881
3959243
3843409
3959000
3958842
3958759
3958629
3957746
3957529
3957103
3956962
3914746
3956651
3956646
3956644
3557257
3825606
3955830
3955735
3955691
3791214
3537126
3955351
3955328
3955315
3954938
3954605
3954518
3954491
3954473
3829701
3829514
3911810
3953035
3868142
3952587
3952584
3952500
3952345
3952130
3952079
3649071
3951795
3951794
3951476
3951252
3787484
3951105
3950907
3950630
3950615
3950549
3950256
3950194
3855291
3949959
3678726
3789200
3949776
3949694
3949619
3949610
3782786
3949593
3949481
3949468
3856676
3949412
3949240
3949219
3949210
3949167
3949164
3949031
3948884
3948557
3733494
3948359
3901807
3948037
3948030
3948020
3948015
3948008
3947875
3852532
3864409
3947581
3947293
3947254
3946383
3946245
3946228
3946183
3945842
3945811
3945600
3945533
3945299
3944752
3944705
3944673
3944551
3944536
3944354
3860889
3943955
3943943
3915174
3943594
3943503
3943466
3943438
3860394
3943250
3943220
3943137
3942926
3942914
3942913
3942864
3942779
3942644
3942507
3533810
3941803
3941791
3941715
3858640
3941391
3812268
3941084
3940910
3641873
3373353
3940566
3897487
3940521
3831537
3939594
3939571
3939014
3938995
3938983
1945776
2018993
3938702
3938639
3938620
3938546
3938435
3938357
3852248
3938171
3938148
3938074
3938066
3938042
3938025
3938022
3937739
3937567
3937314
3937045
3936973
3936890
3936825
3936806
3936619
3936431
3936309
3936135
3936090
3935704
3935330
3934596
3934370
3934341
3934307
3934080
3934057
3933635
3932987
3932674
3932544
3932257
3931821
3607414
3849547
3931341
3251292
3855080
3930364
3930151
3930141
3930043
3930021
3766206
3929908
3929906
3929903
3929902
3929453
3929387
3929279
3929209
3764178
3929075
3929028
3929003
3519992
3928501
3666631
3814453
3844124
3864722
3927755
3314664
3927218
3927184
3927045
3765339
3926198
3926194
3926089
3926077
3925844
3925460
3925345
3925294
3925254
3822002
3924871
3924540
3924338
3924282
3924018
3923821
3923593
3923358
3840071
3758710
3838545
3922821
3922523
3922076
3921997
3921541
3847030
3920772
3920728
3852701
3920445
3920385
3920339
3920260
3920127
3919852
3919745
3919618
3919614
3919604
3919520
3919199
3919056
3919004
3918880
3918804
3918293
3918258
3918191
3918126
3917697
3917663
3917589
3917438
3917416
3917282
3917149
3916823
3916605
3916426
3744985
3915752
3516610
3915376
3914975
3914725
3475347
3914294
3914033
3914031
3913698
3913462
3913185
3912969
3912821
3842919
3912369
3912299
3911953
3911843
3911695
3911680
3911501
3911412
3624395
3910738
3770038
3910627
3910424
3910385
3804248
3910007
3909787
3593483
3909571
3773519
3826819
3909262
3909260
3909168
3909063
3909060
3908873
3908782
3908289
3908180
3906958
3906514
3906485
3906465
3906351
3906271
3906188
3666653
3905681
3905550
3905541
3905522
3905499
3819224
3905228
3905221
3905208
3395682
3904720
3904394
3904251
3653245
3903816
3903739
3903729
3903723
3811105
3903321
3903145
3855879
3902997
3902374
3817240
3901756
3901713
3901110
3900817
3900808
3900155
3899401
3818561
3899002
3898925
3898850
3807499
3898596
3898261
3898062
2958186
3897981
3897670
3897571
3897116
3897115
3897066
3896743
3896249
3896077
3895702
3740041
3895392
3895349
3895225
3895174
3894981
3894952
3894723
3894710
3894688
3894657
3894473
3894336
3894333
3894314
3894237
3893560
3893300
3893255
3893223
3893181
3892988
3892982
3892935
2859285
3892812
3809701
3892669
3892665
3892530
3808772
3892392
3747733
3737589
3892346
3892315
3892267
3892225
3892205
3892170
3892152
3892127
3892009
3809459
3891928
3891838
3891770
3891447
3891350
3891335
3891329
3696360
3890829
3890695
3890683
3890636
3890501
3890484
3889962
3770084
3889474
3889393
3889286
3889263
3888725
3887487
3887166
3887064
3887041
3886533
3886376
3761722
3835807
3736103
3832727
3885992
3843009
3885787
3885758
3885739
3669212
3885415
3804793
3884812
3884443
3146147
3812883
3883523
3883432
3883063
3800829
3882977
3882900
3882621
3801184
3882274
3882128
3802564
3670100
3881733
3881706
3704308
3880958
3880936
3880921
3880843
3880757
3880749
3880696
3880452
3880364
3880344
3731694
3960570
3642021
3959524
3957667
3956469
3955289
3953796
3953697
3952497
3951881
3951723
3902369
3853246
3864410
3945967
3940260
3939354
3938048
3937520
3937517
3937266
3936856
3936814
3936136
3935451
3930827
3927425
3927375
3927371
3927366
3925506
3924431
3923638
3917407
3916555
3915162
3906926
3905621
3904939
3902265
3722686
3900435
3898255
3896441
3895697
3893985
3893596
3893089
3892659
3892296
3799924
3890497
3890377
3889384
3889358
3888135
3886955
3886545
3886068
3885706
3841320
3882017
3881955
1322514
3881116
3880328
3963004
3963001
3962975
3686187
3962526
3962246
3962115
3919410
3626155
3960731
3856229
3873841
3873891
3874158
3726626
3960161
3959609
3959575
3959356
3872735
3958955
3826466
3958548
3958128
3957984
3957895
3957815
3957702
3957699
3957664
3957533
3957158
3957149
3957102
3957067
3843029
3956933
3956800
2612592
3956628
3956593
3956346
3955396
3955349
3955178
3955168
3954995
2690198
2968444
2119581
3954681
3954600
3954558
3954470
3238543
3954123
3830470
3717722
3747029
3952885
3952282
3952275
3952203
3951174
3951038
3950943
3950534
3950053
3949845
3789348
3948785
3716166
3852021
3862816
3795815
3492288
3895569
3591062
3898466
3946399
3946037
3946006
3945968
3849305
3818039
2350955
3945711
2846371
3945099
3944872
3943520
2795764
3942300
3942145
3942041
3941164
3941022
3941017
3941009
3940862
3940780
3853991
3940528
3940438
3365820
3844213
3938984
3938831
2690000
3937957
3937774
3794749
3937448
3937317
3937301
3937179
3937013
3936970
3936893
3936816
3936352
3936173
3936119
3051096
2766826
3935606
3935487
3935343
3935341
3935339
3934026
3933602
3933256
3933088
3932968
3932766
3932762
3932620
3575160
3932313
3932271
3932132
3931841
3930953
3930698
3930207
3930200
3887268
3929599
3929180
3928450
3928057
3928026
3729842
3927201
3926132
3926121
3926099
3926081
3842927
3925869
3925522
3925487
3925419
3804709
3924906
3924440
3923931
2183187
2586297
3923065
3922557
3922491
3921672
3854168
3921220
3736618
3824214
3919792
3066099
3919551
3919454
3410206
3130767
2842649
3919030
3918850
3918703
3918553
3918552
3918476
3917650
3917620
2327898
3917585
3917577
3917525
3917350
3917279
3917191
3917180
3916831
3916828
3916751
3916527
3916191
3360895
3727996
3915917
2753402
3915245
3915072
3914178
3914171
3914144
3913411
3913228
3913193
2465221
3912049
3911880
2550397
3911598
3829069
3911170
3757848
3827814
3910500
3062101
848272
3910214
3266955
3909901
3909451
3909442
3693040
3908202
3908159
3824231
3905969
3820188
3904919
3904611
3904080
3853177
3903359
3902599
3875382
3901396
3901295
3901224
3651374
3900771
3900704
3900703
3900667
3900638
3900600
3900436
3900028
3837009
3899701
3899191
3899169
3898963
2689882
3898718
3898703
3898642
3898566
3898473
3898053
3897872
3368614
3897390
3897230
3897047
3666681
3807129
3284308
3547385
3894954
3809820
3740623
3570662
3893954
3893638
3892856
3892851
3892837
3892808
3892699
2612604
2263773
3892359
3892139
3891908
3891808
3891555
3891383
3891340
3891337
2938409
3049927
3890202
3890176
3890151
3739490
3739459
3732491
3888214
2112143
3887733
3887555
3887382
3886965
3886845
3886457
3886369
3885807
3885653
3885360
3884880
3731920
3731934
3884529
3884518
3884470
3884095
3884091
3883852
3883798
3883623
3685188
3475343
3401799
3525216
3883506
3883489
3803385
3803398
3803413
3581946
3882934
3882855
3881892
3881851
3881016
3880964
3880368
3474563
3880251
3880240
3880228
3724987
3802749
3963043
3963042
3963038
3963033
3963008
3962962
3962913
3962755
3962454
3962437
3962386
3962372
3962058
3962054
3835320
3962033
3961548
3841358
3840032
3919068
3839722
3839651
3835838
3919185
3960554
3960535
3401386
3960169
3959715
3729847
3957115
3957053
3173406
3956592
3956583
3956371
3955994
3855455
3955757
3955000
3954880
3954877
3954387
3954352
3954343
3954234
3954129
3954128
3954077
3954063
3954032
3954023
3611884
3953532
3953155
3789025
3952900
3952888
3952807
3952712
3952696
3952536
3952531
3952517
3952217
3952142
3951847
3951624
3951586
3951571
3950735
3949745
3949542
3949517
3949503
3949361
3852691
3949008
3948321
3948131
3948119
3947787
3947715
3947530
3947525
3947456
3947407
3947393
3947384
3947349
3947302
3947186
3947183
3769572
3896324
3946483
3946448
3946394
3900051
3946148
3946123
3946117
3945885
3945829
2668419
3854209
1811247
3945664
3945593
3945550
3945543
3945535
3945532
3945515
3945501
3945441
3945263
3944918
3944832
3944766
3944720
3944702
3944606
3944232
3944110
3944105
3944074
3943968
3943907
3943890
3943876
3943849
3943836
3943697
3943633
3355428
3942871
3856514
3942671
3783506
3942564
3942536
3942490
3942466
3942129
3942087
3941963
3941930
3941737
3941512
3941510
3941359
3941346
3941232
3940700
3940266
3940090
3939969
3939751
3939492
3939219
3939093
3939080
3939035
3938919
3938807
3938627
3938606
3938551
3938490
3938367
3938149
3937841
3937831
3937786
2315708
3936866
3936791
3936785
3936770
3936731
3936552
3936550
3936540
3936490
3936377
3936288
3936242
3936082
3936047
3935783
3935580
3935520
3935431
3851682
3852042
3852721
3935340
3935094
3850609
3935003
3934901
3934882
3851576
3934842
3934835
3934823
3934788
3934773
3934762
3934754
3934738
3934724
3934711
3934693
3934691
3934648
3934486
3934343
3934284
3933665
3848975
3848968
3933574
3933392
3933357
3933282
3933253
3933225
3933174
3932930
3932918
3932900
3932883
3932863
3932845
3932826
3932817
3932806
3932793
3932467
3932308
3848931
3848916
3848900
3848220
3931137
3930751
3930719
3930548
3228434
3930335
3930084
3929771
3929517
3929380
3929336
3929334
3929332
3929290
3929281
3929233
3929232
3928596
3928480
3928045
3927749
3927570
3927451
3927418
3788594
3883595
3927246
3927221
3927215
3927174
3927144
3927128
3927117
3926842
3926798
3926778
3851541
3882469
3926529
3926315
3926173
3926164
3926057
3926037
3925996
3925987
3925974
3925813
3925724
3925565
3925556
3925526
3925516
3925489
3925400
3726555
3925102
3925078
3924652
3924604
3924154
3924128
3924117
3924031
3923867
3923523
3758658
3758725
3923503
3923432
3923356
3923335
3923287
3923193
3923112
3922515
3922293
3922268
3922244
3921845
3921829
3921787
3921774
3813672
3921749
3921709
3921157
3920459
3920455
3836893
3919642
3919544
3833461
3831613
3760134
3918888
3917887
3917781
3917766
3917454
3833678
3833694
3916875
3916591
3916581
3916556
3916491
3916458
3916199
3916156
2543830
3915869
3915757
3915693
3915569
3832640
3832646
3832858
3915422
3915394
3915368
3915308
3914757
3813719
3814872
3823489
3825290
3825317
3914675
3752293
3914420
3914360
3914263
3914218
3914159
3914093
3913745
3913321
3913027
3912786
3912579
3911994
3911947
3911830
3911771
3911660
3911652
3911473
3911309
3910817
3910548
3910425
3910277
3909334
3802192
3908690
3908494
3908412
3908352
3908314
3908083
3104038
3906960
3906857
3906835
3906599
3906566
3905658
3905544
3905325
3905237
3396344
3904855
3904690
3904680
3904393
3904299
3903728
3903721
3903522
3903448
3903442
3903258
3903233
3902916
3902782
3901064
3900983
3818903
3773120
3900837
3900802
3900729
3899915
3899652
3899633
3899561
3810292
3016913
3898818
3898063
3898041
3898038
3897950
3897937
3897488
3897143
3897092
3895899
3895792
3895520
3895356
3894321
3894265
3894067
3893762
3893523
3892880
3892571
3892137
2412575
3890590
3890547
3890035
3803723
3827023
3889039
3888674
3888673
3888666
3888049
3887948
3887918
3887704
3784107
3886805
3886763
3886719
3886695
3885841
3885232
3885225
3885205
3885201
3885198
3885005
3731661
3783941
3884318
3309120
3813662
3802133
3813889
3883268
3882938
3882724
3882660
3882598
3882585
3800941
3881917
3812405
3811029
3810907
3811958
3810776
3881622
3813637
3816859
3881201
3881187
3881105
3881006
3880911
3880681
3880590
3880582
3880551
3880527
3781835
3962113
3909219
3917290
3959853
3959545
3959343
3958879
3412994
3916470
3590193
3724481
3955453
3955404
3954643
3953502
3771250
3906035
3713178
3951722
3951720
3951675
3633918
3946679
3414320
3945059
3944932
3838217
3943824
3942282
3940238
3940236
3851112
3936864
3935032
3934062
3932024
3845957
3930519
3625983
3823967
3605247
3926563
3926320
3925234
3924266
3923379
3544727
3920497
3834651
3591654
3836990
3917063
3917045
3916095
3915085
3913219
3912656
3911924
3820941
3909484
3908658
3906454
3862006
3903533
3903426
3903259
3903066
3901919
3901096
3899432
3713348
3898256
3798060
3893351
3893344
3892108
3295569
3889475
3889089
3887284
3885736
3883810
2687785
3882279
3881089
3881004
3880993
3963156
3963153
3963152
3963149
3963147
3963132
3963124
3962927
3962870
3962865
3962780
3962500
3962439
3962273
3686003
3962203
3962200
3962187
3962177
3962165
3961931
3921065
2972593
3745490
3961118
3961117
3961100
3961002
3960238
3960088
3959847
3959448
3959091
3959089
3958729
3958711
3958703
3958697
3958549
3958429
3957566
3957565
3957468
3957209
3957189
3957011
3956942
3912324
3956929
3956911
3956885
3956884
3956682
3956416
3956247
3956172
3788280
3526069
3904313
3869047
3955612
3955611
3955606
3955598
3955583
3955570
3955555
3954525
3954147
3954080
3872227
3908911
3854195
3953499
3953470
3953400
3953380
3953375
3953366
3953361
3953358
3953305
3953289
3851697
3798291
3952999
3952852
3952826
3952713
3952493
3790970
3951970
3951674
3951597
3951488
3951219
3951016
3950888
3950724
3950567
3950431
3950426
3950421
3950257
3950171
3950097
3853976
3904336
3949582
3949269
3949263
3949237
1999504
3948972
3863761
3948846
3619533
3860663
3860727
3948559
3948486
3948477
3948442
3948426
3948402
3742550
3947710
3904201
3947168
3947028
3123933
3848595
3510382
3947000
3946972
3946962
3946795
3946770
3946724
3946684
3790939
3946376
3946256
3946025
3945399
3945372
3945265
3944743
3944687
3944445
3944301
3944299
3944298
3944297
3944291
3833991
3860361
3943785
3943442
3943325
3943104
3943071
3942657
3942351
3942301
3942288
3942235
3942192
3942099
3941914
3941773
3941734
3941290
3941274
3941259
3941152
3940868
3940849
3849811
3854635
3940639
3940175
3940115
3939658
3939544
3939502
3938842
3938683
3938646
3938460
3938446
3874999
3938431
3690107
3813303
3938307
3938145
3938084
3938070
3845568
3937565
3789384
3937470
3937459
3937458
3937415
3937322
3937302
3937272
3937238
3937216
3937199
3937189
3936566
3936289
3936085
3935847
3935775
3935312
3935295
3934966
3934783
3934546
3934521
3934462
3934432
3934418
3934413
3934409
3933965
3933747
3933724
3933380
3932853
3932791
3932790
3932752
3932526
3932200
3932134
1183514
1450864
3931894
3931828
3931787
3931740
3931502
3931276
3931269
3931264
3931248
3931099
3930919
2249672
3930113
3929995
3012872
3365826
3929742
3929412
3929189
3929023
3718513
2860228
3396871
3929019
3003791
3842741
3928977
3928963
3928738
3928736
3848836
3797683
3928103
3928013
3927735
3927502
3926499
3926471
3926422
3926361
3926265
3925692
3925689
3925518
3924834
3924487
3924271
3924269
3923912
3923877
3834552
3923181
3923174
3508118
3923012
3764620
3922499
3850962
3922410
3922407
3922220
3922198
3922183
3922106
3922093
3921956
3920913
3756050
3918821
3918757
3835130
3793419
3446508
3833121
3918104
1867654
3918074
3918055
2986690
3916086
3855011
3915557
3914345
3914301
3914257
3914247
3726639
3914152
3914145
3914117
3913886
3913757
3564605
3913362
3913276
3913208
3913044
3913026
3826415
3912773
3912766
3912651
3912503
3912144
3911976
3911824
3497254
3911180
3911146
3910962
3910952
3910520
3910267
3686263
3616060
3330024
3909905
3909742
3909498
3908899
3908846
3827105
3907879
3907771
3824723
3907200
3906396
3906122
3906120
3906072
3906070
3906069
3906067
3694223
3905604
3905493
3905008
3904887
3904687
3904659
3904410
3904306
3904281
3904207
3561495
3904070
3903923
3903865
3903102
3903043
3902788
3902771
3902751
3607523
3901768
3901574
3901375
3901271
3645235
3901191
3900843
3900835
3900558
3900424
3900228
3818667
3899790
3899708
3899613
3899594
3738581
3899332
3899195
3899181
3898777
3898724
3898704
3739298
3897445
3897424
3897421
3896382
1226669
1219796
3895976
3895649
3895645
3895541
3895416
3895302
3895289
3895072
3895063
3894642
3894438
3893929
3893579
3893565
3893481
3893205
3893114
3892995
3892656
3892373
3892349
3891591
3891415
3737619
3890671
3890474
3890281
3890268
3890145
3888906
3888901
3801161
1915699
3887884
3887729
3807491
3887426
3887425
3887326
3474455
3534076
3886506
3886349
3886225
3886213
3885646
3885645
3885644
3885359
3583933
3804326
3884897
3761346
3884614
3884598
3884115
3822772
3801397
3883753
3831525
3786435
3732442
3840933
3802591
3882479
3882331
3881840
3732236
3881598
3881502
3881496
3880990
3104139
3891382
3962111
3962101
3961823
3961547
3961375
3961034
3960468
3873974
3905634
3960078
3596030
3958054
3958052
3957986
3873860
3957671
3957371
3956230
3955140
3955006
3954974
3954947
3954910
3464835
3954686
3954678
3954618
3954049
3953964
3952778
3952605
3952364
3951536
3951515
3950819
3950399
3950352
3949875
3949837
3949792
3949770
3949486
3949322
3844660
3948471
3948011
3947184
3799188
3946473
3557698
3945826
3945825
3945282
3945007
3944902
3944884
3858979
2977529
3942432
3942390
3942309
2229595
3941401
3941210
3940916
3940839
3940436
3464941
3940316
3940310
3939909
2969587
3939475
3939127
3938733
3938727
3896642
3938128
3938119
3938108
3936001
3935817
3935513
3935504
3935449
3069846
3934630
3934354
3933549
3933428
3933195
3932256
3272670
3297632
3930703
3930702
3825169
3930107
3929813
3929177
3928532
3928502
3927920
3927876
3927037
3749480
3924890
3757770
3922522
3921751
3921409
3920780
3492270
3028329
3036930
3918733
3918165
3670015
3917353
3917352
3917340
3917068
3916906
3916827
3916662
3915428
3915330
3914806
3914525
3914062
3913414
3913127
3912849
3912378
3911722
3911390
3911275
3911163
3757727
3910021
3909995
3909569
3908063
3189995
3906547
3905737
3905617
3905615
3905610
3905163
3904754
3764243
3902917
3901867
3900813
3900594
3900101
3900059
3899883
3899535
3898761
3898469
3898247
3896201
3896074
3491628
3690413
3895082
3895052
2706448
3617440
3894143
3893882
3891837
3890899
3121540
2578302
2694774
3890367
3890338
3890286
3890175
3890162
3890125
3800771
3598431
3190369
3888131
3887785
3887772
3736539
3886853
3559862
3886198
3884808
3884588
3666402
3884025
3883683
3883532
3731656
3882719
3882553
3881182
3880518
3963172
3963167
3963141
3962959
3962658
3962647
3962628
3962618
3962485
3962291
3962043
3961725
3961723
3961710
3961684
3961632
3961056
3961014
3960953
3960865
3960821
3960804
3960733
3960633
3960426
3960086
3960062
3959912
3959907
3959717
3959334
3959050
3959004
3958908
3958907
3958905
3958499
3958493
3958417
3958316
3957904
3957892
3957888
3957884
3957879
3957874
3957871
3957786
3957748
3957740
3957384
3957383
3957382
3957381
3957368
3957338
3957247
3957244
3956831
3956802
3956784
3956770
3956768
3956751
3956750
3956749
3956747
3956741
3956708
3956553
3956538
3956488
3956475
3956325
3956143
3955717
3955651
3955618
3955608
3955605
3955595
3955590
3955580
3955546
3955531
3955513
3955458
3955352
3955344
3955022
3954958
3954908
3954718
3954647
3954644
3954446
3954429
3954281
3954268
3954267
3953948
3953932
3953874
3953691
3953614
3953490
3953258
3953237
3953231
3953220
3953195
3953178
3953147
3953102
3953024
3953011
3953010
3953004
3952980
3952977
3952504
3952323
3952174
3951987
3951980
3951961
3951632
3951629
3951158
3950791
3950223
3949984
3949754
3949714
3949699
3949659
3949528
3949497
3949438
3949431
3949427
3949423
3949192
3949170
3949165
3949029
3948829
3948376
3948331
3948316
3948312
3948111
3947877
3947604
3947338
3947211
3947210
3947192
3946931
3946807
3856611
3946761
3946757
3946741
3946729
3946723
3946673
3946527
3946510
3946471
3946345
3946287
3946260
3946163
3946083
3946067
3946059
3946027
3945940
3945905
3945868
3945840
3945821
3945815
3945728
3945654
3945461
3945227
3945161
3945118
3944774
3944768
3944714
3944459
3944245
3944201
3944094
3943628
3943481
3943287
3942653
3942625
3942622
3942619
3942574
3942482
3942459
3941903
3941639
3941567
3941536
3941254
3941047
3940999
3940692
3939927
3939828
3939650
3939632
3939583
3939549
3939547
3939308
3939090
3939085
3938931
3938916
3938823
3938804
3938796
3938767
3938565
3938508
3938359
3938354
3938353
3938333
3938281
3938203
3938100
3938098
3938094
3938092
3937893
3937837
3937827
3937825
3937765
3937522
3937336
3937311
3937293
3937256
3937224
3937217
3937210
3936840
3936819
3936607
3936601
3936496
3936482
3936191
3936166
3935902
3935836
3935445
3935441
3934732
3934681
3934591
3934584
3934534
3934456
3934400
3934308
3933772
3933765
3933554
3933517
3933311
3933184
3933029
3932963
3932835
3932545
3932537
3932398
3931676
3931661
3931625
3931446
3931430
3931399
3930522
3929933
3929921
3929767
3929573
3929392
3928889
3928803
3928801
3928655
3928589
3928580
3928476
3928465
3928441
3928311
3928226
3928120
3927811
3927777
3927751
3927474
3927436
3927255
3927239
3927205
3927072
3927044
3927041
3926953
3926939
3926823
3926818
3926810
3926802
3926792
3926654
3926436
3926318
3780254
3925921
3925896
3925617
3925473
3925459
3925407
3925381
3925295
3924850
3924825
3924733
3924455
3924354
3924324
3924288
3924285
3924283
3923902
3923787
3923697
3923666
3923656
3923629
3923616
3923539
3923530
3923500
3923496
3923046
3923009
3922983
3922964
3922945
3922943
3922869
3922860
3922733
3922699
3922696
3922693
3922691
3922660
3922442
3922399
3922024
3921996
3921808
3921768
3921498
3921356
3921279
3920435
3920423
3920402
3920360
3920333
3920279
3920258
3920237
3920182
3919927
3919926
3919898
3919895
3919884
3919882
3919880
3919879
3919872
3919685
3919684
3919607
3919269
3919186
3919057
3919050
3918787
3684868
3918344
3918108
3918071
3917720
3917252
3917230
3917046
3916912
3916908
3916866
3916865
3916859
3916463
3916396
3915295
3913885
3912929
3912908
3912887
3912674
3912573
3912401
3912323
3911873
3911212
3909199
3908978
3908765
3908759
3908747
3908733
3908695
3908390
3908378
3908360
3907812
3907759
3903488
3904622
3903141
3902073
3902050
3901886
3901854
3901821
3901812
3901786
3901780
3901772
3901668
3901351
3901235
3900923
3900744
3900572
3900254
3899252
3899144
3899069
3899054
3899011
3898757
3898546
3898536
3898486
3898463
3522022
3898162
3897523
3896756
3896707
3896127
3896114
3895667
3895565
3894857
3894613
3894598
2792146
3893696
3892863
3892823
3892435
3892054
3891958
3891864
3891799
3891790
3891708
3891536
3890219
3889533
3889392
3888766
3888762
3888748
3888739
3888730
3888720
3888711
3888706
3888698
3888681
3888675
3888665
3888645
3888483
3888476
3888446
3888411
3888384
3888294
3888271
3888254
3888196
3888127
3887710
3887104
2986063
3886362
3886199
3886181
3885802
3885790
3885784
3885705
3885566
3884383
3884252
3883300
3882781
3882515
3882155
3882150
3882141
3881904
3880747
3880282
3963164
3963160
3963159
3963137
3962399
3962383
3962368
3779345
3962040
3879799
3961461
3961198
3961175
3960604
3960544
3960266
3959808
3959736
3959574
3959534
3959361
3958969
3958738
3958427
3958348
3958241
3958207
3957894
3957850
3957579
3915414
3957045
3956665
3956465
3956379
3956317
3956314
3956312
3956311
3956309
3956307
3956283
3955933
3955778
3955424
3786516
3955385
3955146
3955111
3954834
3904058
3954729
3954715
3954449
3954065
3953978
3953421
3953022
3953016
3953014
3953013
3952955
3952840
3952794
3952557
3786534
3952337
3952012
3952011
3895238
3951024
3812415
3950520
3950181
3786565
3949085
3948545
3948421
3948377
3948360
3948091
3947664
3947649
3947605
3946964
3946925
3946922
3946918
3946543
3946297
3945998
3945997
3945705
3945703
3945681
3945678
3945677
3945676
3945675
3945673
3945665
3945555
3945426
3945280
3944973
3944765
3944652
3944501
3944495
3944267
3943855
3943614
3813539
3943254
3943253
3943236
3943129
3943051
3942586
3941812
3941673
3941658
3940296
3939835
3939827
3939720
3939704
3939299
3939279
3939140
3939139
3938440
3938439
3938414
3938221
2965257
3937978
3937976
3937967
3937962
3937953
3937945
3937815
3937812
3937804
3937790
3937730
3937629
3937343
3850724
3937259
3937243
3937237
3936976
3936913
3819053
3936676
3936650
3755156
3936551
3936473
3936266
3935786
3869842
3935527
3935482
3935321
3935303
3935300
3935022
3935007
3935006
3935002
3934996
3934886
3934651
3934301
3851929
3933534
3933494
3933473
3933160
3932426
3932312
3931689
2220042
3930921
3930715
3930170
3929977
3929815
3929811
3929751
3929648
3929175
3929056
3929054
3929037
3929026
3927788
3927737
3927715
3927703
3926611
3777645
3787574
3926568
3926514
3925906
3925897
3924654
3924610
3924341
3924281
3924112
3923558
3923070
3590944
3922779
3922735
3922732
3922729
3922723
3922718
3922715
3922662
3921965
3921701
3921658
3921521
3921515
3921499
3921447
3921382
3921381
3921367
3921338
3921335
3921323
3920945
3920265
3919897
3919644
3919270
3689179
3918825
3918734
3834870
3916910
3916867
3916858
3916695
3916283
3916240
3916168
3915852
3915465
3914831
3914625
3914538
3914114
2924906
3913588
3913489
3913089
3912970
3912511
3912510
3912505
3912307
3911960
3911802
3911511
3910550
3909089
3908100
3907788
3907670
3907153
3906806
3906439
3905153
3904837
3904789
3904727
3818554
3903860
3822148
3903067
3902769
3901956
3901409
3901236
3900662
3815244
3815604
3898404
3537171
3897663
3897650
3897647
3897644
3897606
3897362
3897358
3897239
3897176
3896963
3896785
3896279
3896244
3895294
3894999
3894747
3894681
3894664
3894440
3893971
3893326
3893095
3892977
3892928
3892885
3892780
3892666
3892026
3890856
3890826
3890284
3890262
3890217
3890179
3890158
3890134
3887805
3887792
3887501
2748577
3886415
3885995
3884444
3884006
3883991
3883977
3883883
3883865
3883026
3882193
3881580
3881440
3881185
3963088
3963058
3963054
3963047
3962946
3962908
3962904
3962882
3962853
3962777
3962721
3962576
3962502
3962281
3962239
3962154
3962049
3962014
3961750
3961688
3961638
3961633
3961463
3793137
3961310
3961300
3798026
3869057
3961270
3961223
3961197
3961180
3961170
3961154
3961139
3961132
3961065
3961039
3961011
3960978
3960933
3960871
3960820
3960810
3960799
3960547
3960487
3960473
3960457
3960281
3960259
3960171
3840382
3960092
3960023
3874221
3959990
3959977
3959872
3871607
3959824
3959738
3959721
3959719
3959716
3959690
3959687
3959635
3959632
3959600
3959569
3959553
3959513
3959494
3959454
3959403
3959400
3959358
3959329
3959307
3959297
3959288
3959279
3959265
3959262
3959250
3959246
3959216
3959195
3959034
3959003
3958996
3958947
3958822
3958815
3958784
3958727
3958725
3958702
3958688
3958667
3958538
3958494
3957939
3957936
3957882
3957868
3957863
3957847
3957316
3957277
3957258
3957187
3957138
3957135
3957066
3956862
3956717
3956696
3956608
3956571
3956552
3956541
3863973
3895011
3956456
3956392
3956304
3956220
3956216
3873090
3956071
3956067
3956046
3955931
3955800
3955774
3955758
3955739
3955723
3955685
3955577
3955572
3955337
3955326
3955323
3955319
3955290
3955256
3955240
3955233
3955232
3955194
3955192
3955189
3955188
3955176
3955169
3955159
3955154
3955124
3955116
3955058
3955024
3955016
3955001
3954989
3954940
3954932
3954842
3954765
3954451
3954443
3954375
3954354
3954353
3954339
3954334
3954319
3954314
3954312
3954272
3954263
3954250
3954229
3954178
3954121
3954029
3911684
3953855
3953779
3953713
3953693
3953670
3953650
3953638
3953629
3953605
3953602
3953566
3953563
3953552
3953487
3953396
3953342
3953336
3953326
3953317
3953278
3953262
3953211
3952994
3952920
3952911
3897486
3952806
3952790
3952768
3952744
3952695
3952628
3952620
3952610
3718246
3952561
3952548
3952542
3952433
3952422
3952375
3952248
3952173
3952172
3862377
3952103
3952043
3952027
3951963
3951897
3951895
3951803
3951661
3951580
3951573
3951556
3951552
3951459
3951399
3951368
3951243
3951221
3951199
3951006
3950975
3950972
3866273
3950794
3950656
3950400
3950382
3950368
3950272
3950207
3950202
3950184
3950165
3950107
3949964
3949924
3899374
3013116
3949861
3949700
3949640
3949630
3949507
3949492
3949422
3949342
3949328
3949326
3949258
3949172
3788647
3949059
3949036
3948928
3948847
3889971
3948701
3948695
3948689
3948647
3948612
3948537
3948532
3948298
3632108
3947967
3892806
3947904
3947713
3842091
3947650
3947622
3947594
3947587
3947575
3947569
3947510
3947492
3947487
3947470
3947469
3947415
3947362
3947328
3947088
3860129
3946947
3946864
3946722
3946705
3946692
3946686
3946655
3946651
3946625
3488902
3515149
3891470
3895664
3946599
3946595
3946577
3946549
3946506
3946464
3946390
3946214
3946305
3946282
3946277
3946180
3946068
3945890
3945807
3945718
3945647
3945613
3945517
3945509
3945480
3945423
3945415
3945359
3527009
3945218
3945177
3945139
3945125
3945087
3945076
3741707
3944854
3944820
3944732
3944686
3944668
3944434
3944432
3874612
3944263
3944229
3944184
3944100
3944035
3943948
3943852
3943764
3943734
3943665
3943652
3943630
3943581
3943572
3943521
3943409
3943383
3943171
3943167
3943144
3943127
3943107
3943062
3943058
3943042
3943029
3942968
3942849
3942767
3942699
3942680
3942673
3942517
3942343
3942198
3942190
3942091
3942062
3942040
3942025
3941935
3941901
3941861
3941856
3941843
3941818
3941807
3941790
3941775
3941690
3941541
3941416
3941357
3941265
3941230
3941183
3941100
3941056
3940925
3940909
3940876
3940869
3940812
3940799
3940777
3940505
3940433
3940430
3845623
3888749
3940170
3940162
3940128
3940121
3780419
3940059
3940042
3940024
3939985
3939937
3939825
3939807
3939665
3939463
3939453
3813053
3939327
3939295
3939267
3852425
3939114
3939077
3788480
3939022
3939000
3938992
3938982
3938965
3938908
3938866
3938838
3938813
3938791
3938784
3938761
3938748
3938735
3938721
3938711
3938706
3938689
3938640
3938636
3938334
3938332
3938322
3938319
3938316
3938248
3938212
3938205
3938196
3938186
3938139
3938115
3938090
3938082
3938075
3937952
3937806
3937777
3937769
3937719
3937715
3937712
3937689
3937664
3937654
3937641
3937621
3937614
3937422
3894764
3937250
3937230
3937182
3937163
3937124
3937088
3937079
3937023
3937004
3937001
3936971
3936944
3936923
3936887
3936813
3936695
3936649
3936639
3936537
3936527
3936524
3936522
3936509
3936506
3936465
3936383
3936381
3936362
3936359
3936344
3936313
3936303
3936290
3936276
3936235
3936228
3936211
3936210
3936208
3936149
3936127
3936097
3935987
3935961
3935910
3935901
3935872
3935808
3935779
3935770
3935710
3935709
3935707
3935703
3935673
3935668
3935611
3935607
3935526
3935519
3935514
3818526
3935413
3935401
3935333
3935320
3935317
3935023
3934824
3934790
3934787
3857047
3934692
3934687
3934658
3934562
3934423
3934352
3934274
3934214
3934173
3934156
3934114
3934021
3933754
3933553
3933540
3933536
3933528
3933454
3933391
3933363
3933354
3933323
3933303
3933287
3933248
3933188
3933161
3933152
3933145
3933095
3933043
3933040
3933008
3933001
3932960
3932869
3932812
3932710
3932666
3932611
3932521
3932370
3932356
3932347
3932286
3932241
3932139
3932138
3932136
3932126
3932034
3932021
3931788
3931777
3931737
3931651
3931571
3931556
3931542
3931529
3931526
3931504
3931498
3931104
3931069
3930952
3930917
3930807
3930779
3263143
3815891
3930576
3930565
3930552
3930505
3930480
3930466
3930456
3930425
3930416
3101914
3930341
3930243
3930121
3930082
3929774
3929657
3929653
3929649
3929510
3835904
3929467
3929452
3929404
3929398
3929351
2644702
3806976
3929298
3929157
3929105
3929103
3929025
3928912
3928890
3928864
3928745
3928720
3928717
3928571
3928535
3928439
3928397
3928373
3928337
3928312
3928285
3928228
3928227
3928216
3928188
3928172
3928150
3928115
3928088
3928079
3928077
3928065
3928063
3928019
3928005
3927975
3927972
3927957
3927956
3927950
3927936
3927842
3927543
3927532
3927523
3927193
3927157
3927052
3927032
3926830
3926689
3926661
3809721
3926495
3566344
3926321
3926274
3926155
3926139
3926052
3925988
3925846
3925435
3925401
3925396
3925389
3925378
3925333
3925261
3822113
3925025
3924968
3823334
3755653
3696132
3924807
3924784
3924708
3924666
3924643
3924493
3924489
3924483
3924306
3924170
3924164
3924150
3924144
3924130
3924109
3924074
3924053
3924016
3923970
3923839
3923833
3923828
3923763
3923714
3923707
3923702
3923698
3923581
3923573
3923534
3923511
3923346
3923003
3922979
3922915
3922883
3922710
3922671
3922433
3834028
3922421
3922414
3922411
3922351
3922254
3922196
3922136
3922097
3832616
3921973
3921970
3921959
3921946
3838919
3921924
3921791
3921754
3921369
3921046
3920752
3920704
3920675
3920598
3920551
3920382
3919645
3919396
3919138
3919093
3822228
3918783
3918732
3918568
3918540
3918242
3918202
3918178
3918099
3918033
3828766
3917753
3832591
3917723
3917721
3917709
3917657
3917637
3917476
3917469
3917465
3917401
3917399
3917398
3917394
3917391
3917388
3916826
3916575
3916541
3916538
3916477
3916456
3915723
3915548
3915544
3915310
3915096
3915018
3914976
3914823
3914781
3914634
3914514
3914397
3914312
3913900
3913824
3913761
3913611
3913256
3913168
3913041
3912979
3912819
3912642
3912637
3912633
3912572
3912517
3912426
3912355
3912346
3725410
3912150
3912141
3912135
3912134
3912122
3912024
3912010
3911999
3911992
3911887
3911783
3911225
3910851
3910810
3827946
3910578
3910315
3910290
3910249
3910230
3910206
3910177
3867367
3909910
3909892
3909677
3909627
3909607
3720319
3909527
3909512
3909506
3909501
3909494
3909485
3909483
3909476
3909460
3909445
3909420
3826589
3909338
3909308
3909286
3909255
3909236
3909225
3909213
3909192
3909179
3909174
3909172
3909165
3909162
3909138
3909126
3909057
3908226
3829923
3908171
3908157
3908151
3908146
3908117
3908001
3907941
3907933
3907726
3907521
3907436
3907303
3907144
3907090
3907068
3906768
3906626
3906576
3906552
3906422
3906327
3906022
3905790
3905766
3905754
3905494
3905419
3905397
3905369
3905258
3905096
3905082
3905063
3905055
3905047
3904759
3904630
3904432
3904405
3904399
3904386
3904376
3904349
3904248
3903974
3903570
3903569
3903568
3903498
3903489
3903331
3903329
3903327
3903294
3903266
3903252
3903234
3903137
3902998
3902956
3902941
3902860
3902725
3902716
3902699
3902669
3902658
3816727
3902197
3902158
3902155
3902151
3902149
3901923
3901849
3901825
3901770
3901763
3901663
3723364
3901356
3901124
3900845
3900672
3900633
3900582
3900559
3900516
3796265
3900236
3900175
3899729
3899697
3899676
3899674
3899665
3899660
3899583
3899554
3899480
3899473
3899458
3899443
3899316
3816454
3899234
3818405
3899173
3899166
3899028
3899023
3898950
3898755
3898700
3898690
3898670
3898521
3898426
3898329
3898217
3897961
3897925
3897904
3897791
3897751
3897743
3897474
3897427
3897261
3897215
3897210
3815999
3897056
3896799
3896762
3896387
3896354
3895998
3895791
3895633
3895223
3895136
3895117
3895105
3894965
3894953
3894678
3894389
3894327
3894203
3894195
3894183
3894137
3894122
3894111
3894086
3894065
3894054
3893998
3893984
3893957
3893946
3893933
3893911
3893849
3893840
3893723
3893447
3893216
3692782
3893057
3892912
3892793
3892761
3892743
3892685
3892682
3892589
3892522
3892402
3892223
3892221
3892212
3892210
3892202
3892200
3892121
3892102
3892098
3892085
3892077
3892044
3891532
3891197
3890938
3890936
3890860
3890816
3890460
3890266
3890199
3889954
3889921
3889908
3889881
3889629
3889569
3889554
3889539
3889473
3889235
3889042
3888478
3888109
3888003
3888000
3735694
3887865
3887850
3887836
3887806
3887644
3887609
3887563
3887350
3887267
3887161
3887088
3886938
3886915
3886843
3886610
3886586
3886577
3886254
3886013
3886002
3885942
3805945
3805933
3885717
3885659
3885652
3885512
3885498
3885329
3885162
3884939
3884935
3884933
3884905
3884845
3884622
3884565
3884220
3884198
3884162
3884152
3884045
3884039
3883984
3883981
3883954
3883505
3883351
3883344
3883024
3882645
3882533
3882432
3882272
3881790
3881331
3881296
3881119
3880539
3880512
3880504
3880488
3880483
3880479
3880477
3880429
3844122
3819905
3388112
3597668
3712465
3801096
3959559
3874063
3957893
3957292
3957267
3869740
3869738
3956491
3612020
3850911
3953152
1145957
3705851
3856862
3485937
3649938
3868478
3951854
3433207
3701354
3949637
3948934
3880920
3858650
3946744
3768387
3628355
3944270
3783844
3762426
3843869
3843904
3763165
3942157
3941847
3060637
3599974
3712827
3938782
3938554
3936921
3936631
3933579
3933118
3634150
3809088
3932115
3931361
3930356
3768623
3928052
3925379
3925225
3522864
3924166
2782740
3822760
3922746
3922291
3644510
3918845
3756855
3914421
3911619
3509684
3705710
3719856
3721966
3811088
3910363
3907962
3906870
3849311
3898265
3657865
3897282
3897156
3896919
3417050
3815037
3831944
2959495
3896418
3896188
3896164
3896129
3894837
3894406
3893576
3891290
3153761
3811649
3809100
3888348
3887539
3654416
3886051
3803310
3883225
3798924
3882878
3788769
3882221
3882061
3882059
3284087
3963216
3003489
3963219
3963218
