3957314
3956619
3956308
3955547
3955003
3913781
3881730
3625495
3859066
3951447
3950513
3854422
3906941
3949146
3949062
2685095
3947953
3947907
3946140
3945349
3943334
3942919
3942775
3942446
3942085
3895421
3940584
3940525
3939811
3938532
3936532
3935503
3935491
2950890
3934330
3661407
3932506
3933848
3932610
2366755
2531763
3930824
3930185
3625994
3793677
3924257
3922832
3922644
3922324
3922311
3920273
3919725
3802336
3903976
3955955
3955946
3955854
3955551
3871310
3953513
3907273
3069099
3952096
3951858
3951431
3951305
3951046
2166517
3950174
2452051
3949149
3949076
3949066
3948090
3889747
3946185
3945784
3945730
2533246
3942900
3942854
3942623
3870243
3942662
3833418
3941089
3940960
3940575
3940568
3940450
3940403
2618351
3859959
3938948
3938306
3936704
3935979
3068889
3895575
3535935
3083629
3934052
3933508
3636581
3932536
3931278
3127886
3931087
3931025
3930870
3930725
3930697
3930473
3930366
3929712
3928804
3928786
3928326
3928291
3882745
3926878
2202120
3924245
3924222
3923075
3733917
3922929
3922841
3921785
3878832
3921273
3921095
3920961
3920938
3920796
3862212
3822881
3918401
3918379
3918238
3917836
3956073
3955815
3955402
3911848
3954150
3953749
3953669
3911198
3953166
3792770
3952442
3950436
3949626
3949547
3949533
3905489
3948436
3948032
3946823
3946702
3946689
3944658
3942936
3942858
3898532
3937228
3557007
3935200
2969445
3934267
3932060
3931949
3923067
3916960
3476645
3956547
3955597
3955584
3955467
3955121
3955107
3952928
3950783
3948233
3945942
3945442
3944770
3944236
3943584
3940222
3893375
3935021
3881268
3348797
3933289
3924830
3923104
3921429
3921209
3920606
3919806
3919610
3919375
3918978
3957370
3957125
3956853
3872198
3903631
3955948
3955908
3955806
3955680
3955516
3955514
3955484
3955479
3955476
3955254
3912829
3955098
3411503
3954744
3897846
3954379
3954368
3954135
3954088
3953860
3952684
3952611
3952567
3952421
3952339
3952004
3910082
3896846
3950587
3950517
3950241
3949689
3949669
3929996
3906235
3861891
3948184
3948001
3947658
3947314
3947305
3947214
2070601
3946971
3946965
3946515
3945904
3945848
3899439
3945301
3944734
3944665
3944398
3944214
3943590
3943506
3942715
3942706
3942544
3941888
3941448
3941393
3941280
3941147
3940704
3939973
3939796
3939563
3939513
3939474
323963
3939036
3938280
3938279
3937809
3937716
3937697
3937453
3937449
3937131
3937105
3843205
3936689
3936111
3852458
3893384
2562019
3935579
3935314
3934968
3934243
3934209
3934121
3933621
3932780
3889947
3931697
3931521
3931167
3885583
3930672
3930052
3929941
3929928
3929899
3929694
3929693
3929513
3884505
3929333
3928829
3928694
3928670
3928633
3928553
3928341
3928278
3928274
3926856
3926843
3926731
3926645
3925694
3925528
3925491
3925439
3925356
3925168
3925136
3802502
3882766
3924721
3924422
3923954
3922828
3922816
3922576
3922501
3922378
3921880
3921651
3921636
3921591
3921536
3921358
3792375
3643468
3920104
3919967
3919875
3919755
3919480
3919309
3875747
3919061
3919010
3918960
3918660
3918462
3918266
3917153
3886774
3792686
3866470
3957365
3957363
3957251
3956918
3956711
3955123
3954735
3954663
3954566
3953949
3953914
3823532
3910056
3951733
3950952
3903582
3687806
3950482
3950334
3692248
3949021
3947275
3947273
3946911
3946882
3946819
3946534
3946389
3811920
1589419
3945387
3945251
3783736
2257553
3944359
3776618
3944089
3944020
3943443
3943030
3942845
3942268
3941491
3940190
3940183
3887872
3851204
3939669
3938693
3938520
3885155
3936597
3936237
3809104
3935050
3934041
3933532
3932907
3932897
3473289
3548413
3931916
3931369
3422413
3930983
3930877
3930744
3899090
3929605
3927431
3926294
3746441
3858031
3925143
3924731
3924541
3923410
3923334
3876159
3922572
3922500
3922426
3874530
3808700
3822783
3921633
3921148
3919720
3919624
3918450
3874701
3918093
3957315
3957211
3956288
3955725
3955646
3955191
3954905
3954750
3954668
3558483
3953989
3953061
3952850
3952759
3887197
3820304
3907130
3950481
3950318
3949458
3948585
3948319
3948066
3906105
3905759
3947584
3947062
3946867
3946866
3946853
3946618
3946509
3496778
3945240
3944322
3944273
3944028
3902955
3856537
3857829
3892227
3941782
3941151
3940341
3940136
3940061
3940017
3940006
3939437
3939057
3674925
3938409
3298042
3938224
3938089
3938050
3938016
3937726
3937126
3937091
3209706
3936795
3935274
3934332
3934236
3891741
3933745
3933719
3933334
3933274
3876436
3842495
3932403
3932009
3931850
3931706
3930982
3930846
3930815
3930732
3930502
3930376
3930375
3930350
3930313
3412351
2925780
3929438
3929364
3928261
3928244
3465338
3928092
3927740
3926873
3926780
3926725
3867962
3926332
3926067
3879841
3925335
3925107
3924943
3924558
3924239
3923946
3923618
3923481
3923480
3923389
3923327
3922477
3922396
3922122
3921960
3921922
3921305
3921034
3920425
3919854
3919393
3919224
3919215
3918452
3917807
3917567
3955477
3911034
3952801
3951755
3951742
3951728
3784968
3487655
3950465
3950282
3949355
3949155
3947792
3832756
3947201
3820233
3946119
3902901
3944674
3944268
3943928
3943917
3943774
3943754
3943707
3943699
3862481
3941389
3940141
3939695
3777505
3803534
3719127
3938662
3937288
3937236
3936949
3936941
3936286
3934464
3934320
3934150
3933701
3891569
3393116
3933405
3932971
3932954
3932325
3932275
3931834
3931203
3885191
3930000
3888374
3929851
3929550
3929472
3929236
3886898
3928645
3927720
3926703
3748229
3696353
3925980
3925807
3925558
3925474
3925369
3924909
3924881
3924700
3881581
3839108
3877264
3924133
3923908
3876220
3923466
3923037
3922352
3922091
1723016
3920846
3920744
3825452
3919698
3919664
3919420
3919016
3918378
3917728
3917242
3917239
3957261
3763076
3957208
3957206
3957201
3957196
3956687
3956598
3955748
3827929
3955607
3955520
3130092
3955438
3955409
3955389
3955276
3955216
3955182
3955114
2542302
3954516
3954459
3954444
3954240
3954238
3954046
3953996
3953292
3952912
3952810
3952780
3952740
3952581
3952476
3952279
3904763
3952045
3951800
3951711
3951681
3902596
3951659
3951470
3951354
3951179
3950445
3950303
3950283
2651257
3950080
3949866
3908097
3949521
3949360
3949078
3530730
3948683
3947964
3424456
3947706
3947692
3947668
3947397
3947342
3947215
3946901
3946745
3946312
3946009
3363674
3945886
3819320
3529051
3945670
3945329
3945079
3860234
3944993
3902414
3944707
3944704
3944678
3944577
3944308
3944202
3944098
3944001
3943952
3943949
3943790
3943757
3943695
3943689
3943554
3943397
3943183
3881578
3942817
3867316
3848590
3942434
3942251
3942205
3895475
3941948
3941945
3941882
3941717
3941439
3941429
3384408
3940187
3940147
3940080
3939455
3939436
3939288
3933832
1844562
3935675
3939117
2002727
3938750
3938652
3938522
3937750
3937146
3936430
2792549
3936226
3710019
3936081
3936073
3935912
3935651
3935464
3935388
3894562
3935044
3934919
3934404
3934102
3933769
3808395
3932824
3932789
3932778
3932122
3931749
3931655
3931337
3930990
3930866
3930500
3930484
3930291
3888554
3929338
3929117
3925144
3929052
3928971
3928969
3871417
3928844
3928689
3881891
3928202
3928160
3927658
3767672
3927412
3927315
3927179
3927054
3926587
3926550
3926162
3926029
3925783
3925778
3925577
3925453
3925393
3924912
3924880
3924617
3882511
3876728
3924111
3923753
3923584
3923543
3923332
3922716
3464633
3876678
3922583
3922566
3922548
3922514
3922377
3922059
3870923
3921678
3921391
3861077
3920888
3920697
3920680
3920634
3920599
3920289
3920145
3918782
3919929
3919920
3919791
3919311
3919232
3575323
3918712
3873072
3864001
3782429
3914024
3870308
3954614
3954242
3953871
3953687
3911885
3952411
3901982
3951640
3950872
3950168
3950095
3949998
3949484
3948981
3948812
3948644
3948452
3948126
3948089
2770837
3947075
3946960
3946704
3946691
3946378
3945557
3945410
3944688
3944146
3943985
3943888
3943161
3942832
3942271
3942135
3941594
3941085
3940914
3940731
3940659
3940522
3940388
3940342
3940234
3939766
3939620
3898006
3939551
3939272
3938599
3937480
3936792
3936655
3936400
3934676
3890107
3933233
3933192
3933154
3890910
3833805
3931766
3931562
3930954
3930951
3930015
3929654
3928970
3928648
3928527
3928062
3880873
3926388
3925836
3257921
3922547
3921731
3921179
3921177
3921115
3921043
3921023
3920448
3873452
3919412
3918836
3872386
3917649
3957049
3956939
3956706
3956138
2630028
3886635
3955596
3955454
3917597
3955065
3954953
3954819
3954233
3954039
3869644
3953154
3953053
3952814
2049807
2047988
3952454
3809091
3951705
3951200
3951059
3950999
3825445
3950690
3950547
3950381
3950320
3950244
3950230
3949880
3949544
3949424
3948569
3947633
2651587
3946124
3945328
3944534
3899902
3943976
3943881
3943850
3943755
3943264
3943039
3942898
3942842
3942324
3942247
3942090
3942052
3941301
3941006
3940638
3940621
3940531
3940091
3940081
3939798
3939633
3939537
3939389
667667
3938890
3938846
3938077
3937925
3937344
3937038
3849259
3936851
3935973
3935969
3935839
3935761
3935030
3935029
3934983
3934981
3934961
3934850
3934810
3934653
3934403
3888009
3932641
3855643
3837938
2512489
3932163
3931510
3930182
3930060
3930011
3929806
3929585
3929425
3929423
3929381
3928627
3928184
3928066
3927709
3927139
3735474
3926817
3926596
3926335
3883153
3925544
3925502
3833107
3925490
3925469
3925438
3815746
3898609
3925250
3925026
3924192
3923851
3923476
3923350
3878762
3923084
3923013
3922468
3872510
3921125
3533635
3921051
3920679
3919706
3919616
3919209
3918854
3918809
3875230
3918269
3831497
3598989
3939727
3938384
3933425
3920535
3915047
3911273
3823209
3265545
3954462
3904560
3954293
3953927
3953913
3953569
3953460
3319562
3953179
3952785
3952352
3951929
3951250
3950921
3950801
3950566
3949764
3949245
3949004
3947330
3944922
3944852
3944809
3942674
3896520
3941135
2470229
3940795
3940771
3939639
3896541
3937816
3937616
3936945
3936657
3936559
3935755
3935112
2654500
3933189
3838995
3932878
3932648
3931790
3931784
3752239
3931267
3888369
3886018
3930281
3896301
3929166
3928634
3928218
3877102
3927937
3927025
2812595
3099020
3926599
3925615
3925329
3841040
3924876
3924529
3923115
3922012
3921778
3921228
3920295
3920165
3919622
3919266
3919079
2929399
3630749
3917436
3939949
3920255
3957153
3957078
3956971
3956517
3956326
3956044
3863015
3955247
3826775
3955044
3954912
3954554
3954503
3953899
3953789
3953443
3953177
3953042
3952090
3951753
3951739
3950936
3950721
3903674
3950390
3950233
3950200
3949978
3949788
3538993
3949535
3907385
3948777
3948494
3948394
3948295
3948278
3812119
3947874
3947093
3903092
3777384
3945377
3945068
3944543
3944472
3944093
3835862
3901182
3943991
3943970
3943661
3942780
3942700
3942594
3942338
3900447
3940551
3940471
3940378
3940073
3940049
3784041
3939356
3939344
3679266
3939031
3938977
3938939
3938857
3938698
3938526
3938509
3938244
3848104
3937352
3936531
3811562
3936155
3935966
3935875
3935247
3935052
3934097
3933815
3933479
3933430
3933049
3933037
3932991
3932975
3931436
3931806
3931761
3458321
3931227
3931108
3930782
3930608
3930337
3930222
3824614
3929474
3929350
3883514
3928984
3928919
3844817
3927697
3927580
3239186
3927189
3926942
3926558
3926216
3925852
3493883
3924896
3924719
3923957
3923942
3923661
3923274
3923113
3922893
3658016
3921728
3921553
3920979
3920544
3920152
3919063
3919022
3872824
3918115
3917785
3956906
3956725
3956695
3956355
3955718
3697796
3955640
3955542
3955447
3955371
3955314
3955281
3912930
3954348
3954338
3954235
3952968
3952890
3952704
3099972
3952320
3159218
3952058
3952013
3951734
3951646
3951222
3950772
3950487
3949809
3949774
3949638
3949532
3949391
3948809
3001917
3947673
3947174
3946725
3946028
1895866
3945421
3945305
3944007
3901033
3942096
3941933
3941243
3940778
3940755
3940140
3497152
3939601
3893097
3938851
3645724
3930532
3886766
3929363
3928964
3832300
3928309
3927295
3927192
3927163
3397401
3926969
3926202
3784127
3923651
3923344
3922420
3103400
3877947
3921796
3921414
3920879
3920835
3542857
3818959
3949019
3948657
3930585
3957327
3807602
3951653
3907837
3944946
3910412
3945375
2775122
3943887
3939696
3939572
3814123
3937879
3727794
3935485
3796595
3932707
3932701
3932189
3930978
3930956
3930950
3930066
3927628
2262906
3924475
3924043
3923861
3784058
3193673
2829214
3919441
3918640
3918409
3918376
3873646
3917592
3917478
3427901
3957329
3957311
3957034
3956958
3956883
3956880
2457665
3956418
3912852
3956277
3956156
3956022
3904738
3908700
3712611
3849177
2844737
3955610
3955545
3955483
3955359
3955332
3955129
3954732
3688993
3954437
3954395
3954390
3953398
3953122
3952988
3952961
3952887
3952649
3952582
3952266
3951924
3951236
3951196
3597597
2836753
2835147
2835166
2841911
3047198
2835441
3950933
3950920
3950914
3950619
3950407
3950377
3949697
3949693
3949564
3949522
3949474
3949457
3949436
3949426
3949343
3949080
3948984
3948971
3948584
3230759
3948148
3948034
3947786
3947400
3947355
3947312
3947279
3947180
3947167
3946966
3946799
3946591
3823482
3945845
3945493
3945348
3945219
3944087
3943838
3943463
3863698
3943191
3943119
3943073
3942752
3942563
3942498
3942147
3941871
3941449
3941406
3941299
3941235
3941175
3887449
3940844
3940648
3940626
3844536
3108023
2947865
2706919
2821965
2452496
2379868
2294764
3940096
3939948
3939770
3939105
3939023
3938850
3938732
3938644
3938481
3938170
3938045
3937969
3895904
3937767
3937442
3937349
3937338
3937278
3391289
2810959
3937075
3936832
3936075
3935931
3935928
3935137
3935024
3934945
3934884
3934852
3934360
3933804
3933799
3933507
3933361
3889807
3298483
3931049
3932331
3541265
3931527
3931334
3931290
3930992
3930534
3930237
3930162
3929827
3929625
3929613
3929437
3929316
3929070
3928788
3927918
3927907
3927894
3882169
3638041
3927191
3927064
3926284
2829685
2523225
3925684
3925632
3925605
3815210
2303181
3924771
3750307
3924649
3924292
3924025
3923943
3923248
3923225
3923210
3922771
3922610
3921741
3921558
3921061
3875366
3920088
3814569
3833660
3918931
3918311
3917412
3917185
3917043
3841448
3842005
3817958
3751095
3756433
3048723
3956629
3956463
3954944
3954757
3813247
3250609
3862622
3947902
3947747
3946101
3945692
3944528
3940179
3939012
3938621
3936812
3849526
3823259
3934659
3933949
3889060
3929389
3928405
3928360
3928238
3702132
3924567
3924244
3922719
3922692
3825254
3920091
3919713
3919527
3917174
3957056
3910678
3955714
3955631
3954781
3913408
3954671
3954095
3953357
3953244
3953153
3952510
3952951
3952559
3952201
3906087
3952017
3951966
3951308
3950996
3950672
3949686
3949622
3949589
3906483
3947503
3946995
3946064
3899641
3945682
3858682
3945295
3509560
3944776
3024737
3942175
3941909
3894225
3941885
3941233
3941064
3940933
3940602
3940588
3940473
3940155
3939830
3846908
2982826
3938815
3938780
3938364
3937814
3937706
3937674
3937443
3937321
3936979
3935909
3935825
3935728
3935625
3934748
3935075
3934826
3934809
3934805
3934774
3934592
3934571
3934280
3934172
3933516
3932456
3888818
3931729
3931586
3930524
3930017
3929695
3929300
3929256
3929227
3929077
3887125
3928706
3928293
3928118
3562198
3883564
3884511
3927459
3927402
3926729
3244146
3926251
3926179
3924684
3924589
3924515
3924162
3923870
3923319
3923240
3923182
2337433
3922643
3922581
3922553
3922192
3922191
3921918
3921890
3921887
3921790
3293065
3921538
3781330
3919585
3919574
3858735
3919344
3919153
3918761
3918698
3918594
3918194
3917202
1763116
3859279
3946192
3938978
3938768
3934678
3875574
3918326
3956991
3956840
3956529
3955297
3955293
3955278
3954986
3954985
3954287
3954258
3953628
3953242
3952871
3952623
3952187
3951855
3950703
3950689
3949936
3949922
3949903
3949886
3949724
3949344
3949123
3948862
3948730
3948691
3948636
3948401
3948322
3946970
3946782
3946615
3946529
3946514
3946429
3946424
3946381
3946319
3946266
3946261
3946249
3946134
3946129
3946044
3945568
3945521
3945428
3944762
3944414
3943946
3943938
3943926
3943921
3943903
3943892
3943879
3943758
3943066
3942260
3941611
3941559
3940240
3940208
3939343
3939333
3939176
3938745
3938690
3938685
3938501
3938024
3937542
3894672
3937269
3937245
3937241
3937208
3937098
3936796
3936790
3936728
3935270
3935011
3934944
3934503
3934323
3934140
3934074
3932533
3931956
3931145
3930374
3928607
3927963
3926582
3926079
3925044
3924777
3923673
3923062
3922975
3921993
3921799
3921727
3921285
3920736
3920668
3920405
3919679
3919667
3919502
3919437
3919339
3919329
3919113
3917981
3917860
3917724
3917417
3917322
3917204
3957093
3957076
3957050
3956799
3956503
3788396
3955857
3955066
3953038
3953037
3953036
3953034
3952360
3951808
3951779
3951017
3951012
3950586
3949171
3948633
3904114
3947641
3947590
3947316
3947251
3947050
3947032
3947020
3946701
3946443
3946150
3946015
3945896
3945117
3944794
3944162
3943748
3893086
3941071
3853593
3939459
3939425
3939317
3938877
3937528
3937285
3937055
3936511
3936418
3774746
3932801
3932204
3932181
3932162
3888078
3703422
3692943
3931326
3927738
3927711
3925861
3925848
3925741
3925218
3923841
3923515
3922276
3922163
3921987
3921492
3921237
3920321
3919763
3918909
3918793
3957304
3957190
3957167
3957060
3957033
3956796
3956721
3956536
3956523
3909123
3956377
3956212
3956150
3956019
3955849
3955825
3955727
354047
3955457
3955444
3955439
3955426
1599602
3955072
3955043
2380330
2361041
3954971
3954952
3912445
3954915
3954883
3954873
3954849
3954579
3954476
3954351
3954333
3954278
3954255
3954199
3954174
3953823
3953767
3953736
3953731
3953729
3953664
3953121
3953072
3952676
3952539
3952498
3952488
3952471
3952026
3951602
3951098
3950853
3949778
3949625
3685169
3815761
3855835
3948944
3948698
3948434
3947794
3947629
3947589
3947565
3947428
3946773
3946492
3902925
3945860
3945326
3945185
3944807
3903186
3943905
3846758
3943629
3943529
3943248
3943217
3942661
3942630
3942624
3942401
3942365
3942291
3942039
3941114
3941104
3940201
3939812
3939699
3939673
3938130
3939258
3939099
3938974
3938814
3938643
3938576
3937070
3837574
3936810
3936793
3936535
3936374
3936258
3936162
3935823
3935800
3935791
3935375
3935216
3934853
3932437
3933023
3932747
3932636
3846778
3932120
3931730
3931243
3930985
3930748
3845336
3930338
3929781
3799394
3929591
3885295
3928835
3928510
3928297
3928259
3928134
3928113
3927998
3927706
3927503
3927322
3927203
3927040
3927014
3926966
3926783
3926602
3926532
3926497
3926437
3882985
3925834
3925790
3925616
3835223
3924817
3924743
3924296
3924084
3924070
3924056
3923926
3923570
3923474
3923107
3922913
3922864
3922767
3922676
3789449
3922633
3922587
3922561
3854898
3922256
3922166
3922094
3876964
3838885
3921802
3921759
3921733
3921724
2374427
3921362
3921127
3920994
3920986
3920863
3920719
3920670
3920577
3920563
3920553
3920174
3867801
3919172
3919136
3919103
3918394
3918368
3918035
3917769
3917635
3917504
3917419
3872183
3917297
3917276
3917260
3869376
3898721
3954862
3954792
3953049
3952041
3949884
3636884
3947284
3870806
3899084
3939438
3400758
3811739
3660503
3769089
3935971
3759077
3890051
3842523
3929257
3928353
3843154
3928165
3762754
3445671
3731898
3880252
3763265
3876016
3874090
3602402
3919367
3961583
3961568
3961546
3960194
3960105
3959007
3947793
3961751
3961153
3960284
3960211
3959819
3958988
3957655
3609127
3954682
3953867
3895102
3941957
3937753
3936002
3935649
2391551
3958521
3958298
3915538
3957852
3957606
3960322
3927629
3927018
3961333
3960053
3959938
3953281
3959337
3959300
3959256
3959019
3958029
3957917
3957586
3957484
3957439
3898319
3961495
3960424
3959640
3959414
3959131
3959110
3914666
3632793
3957394
3960946
3960867
3960800
3960333
3960139
3960102
3914197
3959794
3959737
3959479
3959268
3908204
3365121
3959047
3958746
3958560
3957755
3952291
3951660
3944143
3942315
3938798
3890442
3892770
3930467
3927334
3961575
3961236
3959581
3959380
3958717
3958327
3957788
3916260
3955669
3961762
3961619
3961569
3961441
3961372
3961343
3961015
3960906
3469394
3960678
3960601
3960353
3960186
2294590
3960104
3959821
3959684
3959526
3959163
3959445
3520083
3958816
3958772
3296995
3958672
3958585
3958555
3958511
3958426
3913552
3957967
3957955
3955812
3961367
3960209
3960067
3915493
3959701
3482105
3957691
3900975
3950654
3948929
3901906
3905933
3916681
3961299
3959869
3959516
3959103
3916012
3958507
3957859
3957797
3952725
3952000
3915655
3961336
3961069
3960346
3959928
3240624
3857939
3958462
3958108
3894372
3950707
3949675
3949250
3948220
3945865
3844967
3734028
3961716
3961380
3961192
3960314
3960875
3960594
3960225
3870378
3771121
3959415
3959346
3959141
3867335
3957534
3957393
3914283
3961757
3961734
3961543
3960352
3960004
3959002
3958622
3958489
3958270
3955941
3959883
3959827
3958333
3948873
3933452
3926754
3961628
3961590
3961565
3961512
3961237
3961268
2525849
3961066
3961001
3960965
3960824
3960814
3960683
3960431
3913869
3912895
3960223
3960136
3959971
3959661
3817325
3750317
3722012
3958363
3958313
3957869
3957795
3872609
3872223
3954158
3958524
3867172
3958374
3871534
3957689
3682889
3952877
3961557
3961275
3960947
3960357
3960244
3959691
3959338
3959304
2160961
3913305
3958918
3958495
3873126
3957569
3236316
3960805
3959901
3959683
3959673
3959654
3958387
3961451
3961045
3813966
3958471
3825840
3961246
3961098
3960941
3960934
3960507
3960267
3960152
3960109
3959874
3959724
3959659
3959431
3959203
3751170
3958587
3958442
3957947
3957710
3957694
3957684
3957668
3957387
3955959
3901210
3910264
2994845
3957679
3961794
3961776
