3962888
3961467
3961438
3956675
3956069
3618532
3955280
3954965
3954936
3954563
3684730
3949789
3948807
3685674
2989698
3946375
3946355
3946110
3945373
3942573
3940938
3940463
3938964
3936788
3934879
3933393
3835697
3887512
3932505
3928608
3926958
3924748
3923120
3922685
3919710
3918304
3916533
3915633
3914535
3909653
3808396
3901257
3900769
3736335
3895330
3810452
3891310
3890161
3890126
3890070
3799689
3888408
3888024
3885427
3731230
3799903
3881308
3881257
3880662
3962784
3962719
3962625
3961743
3960833
3862997
3955703
3953120
3952188
3857670
3949068
3948064
3947308
3947278
3837354
3940493
3940447
3939312
3894392
3936743
3936411
3810628
3933921
2967320
3704041
3930429
3928545
3928639
3928603
3928424
3928350
3927748
3927456
3926553
3883198
3843422
3776072
3921708
3921472
3921241
3277735
3827470
3915546
3861895
3613847
3909161
3626710
3824890
3907457
3905881
3905358
3904868
1749831
3898655
3898314
3892549
3891465
3891277
3890535
3890038
3888309
3888067
2066762
3627217
3669079
3886244
3801879
3882268
3881240
3781409
3960595
3708700
3959230
3959215
3876217
3958121
3957647
3957279
3956321
3955357
3955217
3953030
3950488
3948258
3948247
3947994
3945502
3945347
3944812
3850014
3942029
3942028
3941983
3941970
3575621
3941562
3940797
3939882
3939301
3938429
3935597
3935195
3935193
3935176
3932579
3827661
3930720
3886371
3929183
3831119
3845857
3839321
3926354
3922204
3922127
3921689
3921400
2605026
3920038
3918156
3918072
3912977
3912555
3909666
3907618
3904273
3903971
3903409
3902897
3901071
3901028
3897848
3893823
3891890
3883206
3882862
3882507
3882496
3882493
3882111
3881427
3758646
3962121
3962030
3961894
3961825
3960980
3960879
3960839
3960827
3960717
3960508
3960432
3959323
3959249
3959028
3958300
3958062
3957587
3957578
3957029
3957022
3956702
3956559
3956451
3956401
3956051
3955750
3955692
3954223
3954220
3953911
3953133
3952439
3901888
3951464
3948482
3948234
3947454
3946817
3946481
3946480
3946325
3946072
3944666
3944468
3944085
3943672
3940563
3940373
3939051
3807693
3889795
3803244
3936955
3695077
3935336
3934567
3933355
3932421
3931508
3931423
3931238
3833851
3930051
3928882
3928693
3928658
3927103
3927102
3926782
3926760
3925159
3881532
3923072
3922968
3922493
3920460
3919312
3919048
3918280
3916731
3916397
3916393
3915257
3914206
3825404
3913500
3826515
3906878
3902125
3900063
3899179
3899115
3899108
3896173
3895872
3895016
3894526
3894361
3891576
3890415
3890229
3890228
3890068
3887890
3885496
3884836
3963157
3962857
3962818
3961780
3961297
3960938
3959628
3959214
3958722
3958716
3958071
3957541
3957030
3957021
3066383
3956948
3956548
3955702
3955701
3907126
3955048
3954926
3954719
3954522
3954450
3954243
3830740
3953631
3953560
3953510
3953351
3908421
3952914
3838835
3952038
3951912
3951339
3950870
3863481
3949042
3948343
3946905
3946815
3945577
3900093
3817147
3944325
3943601
3943599
3942588
3942104
3940377
3939283
3939081
3939078
3938808
3938642
3938614
3884904
3937946
3937864
3889838
3936548
3936547
3936424
3936110
3935925
3935695
3935498
3935036
3934903
3934582
3934536
3934090
3934023
3933963
3933879
3933347
3932119
3932118
3931102
3928406
3928371
3927930
3927864
3927698
3926757
3926715
3925772
3924953
3924879
3924267
3924265
3923878
3923348
3923347
3923283
3923126
3923123
3923077
3862808
3922612
3922416
3922156
3845793
3921851
3921821
3921501
1676949
3921160
3921022
3920362
3920307
3919804
3919537
3919020
3918937
3918752
3918748
3809750
3918530
3918528
3918351
3917676
3916483
3916066
3915189
3913836
3913310
2702145
3913155
3913007
3912985
3912701
3912657
3912460
3912086
3911763
3911535
2609627
3827656
3910958
3413600
3618027
3909904
3909746
3909743
3909737
3909595
3909496
3635699
3908826
3908712
3908635
3908559
3908338
3907142
3907124
3906585
3906407
3864448
3906329
3906118
3905922
3905841
3904634
3904617
3903573
3903476
3903095
3902551
3902478
3902020
3901889
3900754
3900749
3900276
3900121
3899948
3899861
3899797
3899794
3899657
3899620
3899601
3899216
3899149
3899127
3899106
3898615
3898563
3898485
3898375
3898374
3898166
3898138
3898019
3897998
3897859
3897782
3896143
3895551
3894029
3893397
3892962
3891942
3891894
3891614
3891189
3891004
3890999
3890682
3890479
3890475
3889404
3889022
3888544
3888046
3887588
3886817
3886704
3886116
3885796
3885199
3884943
3731645
3883804
3883784
3883244
3882748
3881907
3881836
3881710
3881421
2770767
3880852
3880288
3962653
3959969
3693521
3959651
3785166
3959328
3958948
3957902
3957630
3957133
3725384
3954707
3953828
3953539
3953119
3953003
3855069
2959220
3864706
3949106
3949026
3947318
3947248
3947229
3946674
3945924
3945332
3944827
3944784
3944744
3944636
3943809
3943698
3943495
3943243
3858054
3940149
3939850
3898259
3814315
3302982
3939235
3938668
3935648
3854836
3934761
3934038
3834198
3932943
3932362
3932209
3931332
3930962
3930521
3930444
3930328
3847051
3425603
3881831
3927127
3926576
3535418
3925313
3922527
3922080
3920907
3920660
1742781
2596167
3919959
3919939
3919780
3919282
3442772
3918915
3918106
3917271
3917027
3916735
3757974
3916016
3915974
3912676
3911940
3911023
3909244
3909111
3908966
3908404
3908396
3908331
3907600
3907432
3907058
3906990
3906898
3706668
3903182
3902557
3901368
3901019
3597097
3899296
3896316
3895452
3813189
3714291
3893891
3792859
3649395
3891656
3891563
3891515
3891380
3802849
3814469
3757621
3889961
3889278
3729732
3887266
3791349
3886270
3883646
3466348
3882758
3802569
3881521
3880909
3811979
3831806
3870856
3960575
3957752
3957669
3956438
3956334
3955589
3771853
3953441
3949388
3949132
3948057
3810141
3944649
3944374
3204412
3943770
3943280
3943201
3309521
3942964
3942508
3942035
3941529
3940440
3940221
3939884
3850873
3936972
3936715
3935403
3439924
3934701
3934626
3932436
3931824
3931605
3931395
3931103
3931000
1914432
3927217
3923729
3920286
3920213
3919817
3814522
3917317
3917010
3916992
3914703
3735627
3913774
3913244
3912288
3910511
3910136
3907649
3907268
3903585
3903558
3903112
3902949
3902882
3902802
3901779
3164834
3901454
3802994
3898190
3897128
3896930
3896878
3896863
3896786
3810886
3895177
3894410
3894210
3894163
3894106
3892303
3892010
3891272
3890351
3889861
3889721
3475046
3889043
3889002
3888609
3887581
3614585
3885876
3850009
3440856
3883608
3883197
3963120
3963023
3962580
3962465
3962045
3866121
3961676
3961561
3961523
3961460
3716371
3338613
3083518
3961004
3595082
1861712
3959499
3959340
3959057
3958233
3870922
3957015
3956839
3956075
3955864
3863256
3955387
3747527
3953489
3953239
3871946
3952717
3952501
3952288
3790083
3788975
3878194
3597500
3698467
3950470
3788709
3950108
3895641
3949516
3949162
3948627
3948524
3948514
3948384
3859527
3861216
3946374
3946316
3946196
3946118
3429976
3767875
3327457
3945450
3813994
3944172
3943517
3943407
3731959
3942907
3942248
3942017
3941326
3940567
3940036
3938862
3723374
3938753
3705797
3937576
3937283
3936464
3936401
3850061
3934898
3934838
3934765
3877587
3481033
3818387
3932771
3698021
3932417
3932352
3932102
3931846
3931534
3931370
3931333
3776526
3930948
3930931
3834565
3930435
3772550
3930093
3928613
3669665
3926169
3925259
3923907
3706203
3923609
3922930
3921966
3921814
3833661
3921343
3920636
3820981
3919452
3835455
3919211
3918536
3918485
3917227
3917222
3916619
3827729
3282095
3775482
3728682
3916351
3916071
3913521
3913375
3912107
3911875
3911402
3911103
3910915
3910658
3909565
3909556
3909264
3908397
3908328
3908155
3907844
3905557
3904614
3904249
3904169
3904153
3903932
3903508
3903473
3903008
3902973
3902610
3902556
3796502
3902049
3901925
3901676
3901164
3898745
3898176
3730033
3895898
3895747
3895743
3895727
3852305
3895300
3895275
3895002
2793568
3894223
3809029
3812860
3894170
3893939
3892921
3803873
3891083
3890965
3890794
3890432
3691458
3435371
3890181
3580069
3680391
3888687
3888422
3492571
3792323
3886923
3886855
3886551
3886316
3886077
3885430
3885151
3885017
3884218
3884192
3884040
3725038
3883569
3538995
3882729
3881167
3880900
3880667
3880555
3810152
3962873
1750645
3962443
3962059
3961888
3961779
3961362
3802651
3961302
3961148
3960994
3874283
3960428
3960291
3959871
3959539
3918602
3748938
3915730
3127206
3958470
3958402
3918495
3958138
3956963
3956872
3956111
3955515
3955284
3955061
3954631
3954304
3953896
3953181
3953140
3952880
3489216
3952390
3952294
3951957
3786822
3951685
3951683
3951258
3823145
3951103
3420312
3950846
3950361
3950038
3949811
3949671
3949523
3949495
3949491
3949466
3949387
3948906
3948858
3948618
3948542
3948501
3948491
3948349
3948305
3947656
3947618
3947449
3947414
3946789
3946738
3946444
3834111
3785774
3945594
3945314
3944836
3944642
3944641
3944608
3780777
3944181
3943791
3147449
3943026
3942628
3867998
3410638
3941814
3941682
3941444
3941441
3941336
3940850
2563272
3632421
3939467
3939452
3851297
3894699
3937857
3937421
3937185
1648677
3936826
3852385
3936556
3841659
3762767
3935750
3935720
3935308
3934834
3837652
3934802
3934469
3231772
3934073
3850895
3933333
1628286
3379629
3840482
3932409
3932030
3849179
3475886
3930970
3832815
3930586
3930381
3929998
3764836
3929866
3929492
3929009
3507281
3928582
3928565
3928540
3927828
3926956
3926916
3926774
3926710
3926559
3886292
3926234
3926076
3925990
3925883
3925691
3925586
3872649
3924274
3837147
3923964
3923308
3922453
3554295
3921850
3921283
3921251
3921132
3920915
2650960
3919867
3919716
3919416
3835439
3919121
3714652
3871687
3916274
3916064
3843429
3915713
3915622
3319495
3914896
3914322
3913497
3771701
3912484
3822877
2906570
3909336
3908427
3908061
3907092
3806223
3863815
3906497
3905750
3905501
3905158
3905093
3905046
3815686
3904139
3826307
3903910
3903827
3903694
3903323
3903322
3902871
3820978
3902434
3643633
3901462
3901451
3596995
3012459
3899046
3898844
3898600
3898202
3897652
3806084
3896075
3895723
2575499
3895534
3895464
3495919
3895220
3895198
3894911
3894340
3893721
3893610
3893567
3893557
3812868
3788593
3892854
3892217
3890327
3890220
3889604
3889435
3889280
3791094
3806314
3888722
3888571
3888195
3797044
3886040
3885844
3885686
3821089
3885345
3885284
3885112
3884980
3134686
3884044
3884021
3883778
3883657
3883510
3882903
3882667
3882343
3801897
3881740
3801039
3720352
3685816
3958518
3666864
3730619
3755139
3634218
3957255
3957012
3956914
3956243
3956012
3955158
3954389
3949898
2671012
3952918
3952651
2814306
3718634
3950348
3653816
3836168
3948692
3862694
3947802
3946762
3946718
3946417
3945462
3945454
3944594
3944135
3943309
3943274
3942829
3725698
3941205
3940978
3940888
3707972
3938163
3089982
3935691
3934070
3933612
2709246
3932937
3932431
3931489
3077252
3930800
3832938
3929322
3886968
3812714
3927208
3926846
3926110
3925475
3832689
3925306
3874279
3774267
3923396
3923352
3922098
3830941
3750884
3706459
3920839
3845033
3818275
3915256
3915080
3915075
3913318
3246260
3830266
3911426
3732085
3910647
3910047
3909937
3909319
3908864
3820274
3781641
3740865
3905227
3902904
3902805
3902662
3902553
3902063
3901329
3817843
3646812
3898554
3096895
3412748
3814725
3706484
3287361
3895219
3894798
3894136
3894105
3894001
2702657
3840918
3892380
3891187
3891088
3418670
3889953
3217619
3888480
3884079
3883423
3882612
3881464
3527167
3880730
3761932
3963197
3963013
3962866
3664667
3962381
3960791
3960666
3960664
3960637
3960623
3959315
3959303
3959233
3958214
3957823
3957152
3956896
3956601
3956550
3956495
3956362
3955540
3955228
3873981
3953741
3953728
3953680
3953678
3953561
3953550
3953535
3953251
3953233
3953223
3953209
3952796
3952689
3952633
3952369
3951672
3951582
3951069
3950826
3950671
3948896
3948641
3948282
3947035
3663834
3946957
3946748
3946698
3946628
3945695
3945688
3945433
3945416
3945287
3945149
3945081
3832791
3944252
3904435
3943692
3290099
3833096
3943145
3777357
3941763
3941200
3940864
3939433
3939037
3938489
3938104
3937936
3937701
3937596
3937586
3893890
3825730
3779291
3936756
3936330
3935729
3935688
3935202
3934836
3934324
3934139
3933402
3932959
3932908
3932895
3932892
3931559
3931537
3930993
3930693
3930650
3930614
3930607
3930242
3034665
3929053
3832412
3928240
3840281
3926367
3925571
3924715
3923756
3923630
3923376
3922082
3920768
3920037
3919058
3919043
3919006
3918820
3918661
3918135
3760129
3917729
3917613
3916951
3916317
3915756
3915129
3914856
3914564
3871133
3913534
3913128
3827685
3912097
3911757
3911593
3909988
3909795
3827441
3908475
3908463
3908285
3908089
3907304
3729215
3906724
3905767
3905510
3905436
3905427
3905013
3904824
3904452
3904290
3903811
3902675
3901074
3900829
3900482
3900109
3899235
3897716
3896218
3895672
3895433
3893739
3893465
3892386
3891666
3891496
3891110
3890743
3890489
3890372
3889550
3889211
3888904
3729666
3887084
3887067
3886948
3886641
3885737
3885501
3885153
3885004
3884630
3884060
3883931
3883220
3882930
2568201
3882597
3881822
3881260
3880298
3962889
3685911
3913435
3957236
3956789
3955219
3954512
3954417
3953999
3953966
3950928
3950375
3950358
3949839
3946772
3946520
3945098
3945032
3944956
3944726
3944529
3943648
3826677
3943110
3942346
3940460
3939997
3843945
3939220
3938944
3938923
3938922
3938912
3938900
3936846
3936803
3936011
3935521
3934804
3933101
3933038
3933022
3932109
3932086
3931931
3930728
3929642
3929439
3929374
3929266
3929032
3928992
3928990
3928681
3928365
3838460
3927919
3927862
3927178
3926484
3833048
3925857
3925720
3925500
3925364
3925347
3925262
3924631
3924582
3924167
3924101
3924093
3924090
3924042
3924035
3924024
3923967
3923732
3923066
3922437
3922285
3922262
3921600
3921334
3800859
3913030
3912745
3912191
3911816
3908992
3908223
3903608
3903560
3899224
3898246
3898107
3897974
3897050
3896794
3896765
3895590
3895535
3894174
3894173
3892966
3892965
3892963
3892664
3891248
3206092
3890609
3890605
3890319
3890300
3890088
3889975
3889927
3889914
3889021
3883861
3883679
3883654
3883547
3883525
3883513
3881376
3881369
3881278
3881198
3881152
3881120
3880379
3962985
3962967
3962960
3962939
3962930
3962765
3962740
3962699
3962286
3961455
3961405
3961350
3961224
3961113
3590726
3960677
3960458
3960044
3959854
3862819
3958844
3958838
3958819
3679363
3957977
3957672
3957600
3957456
3225724
3955845
3955791
3955733
3955363
3954929
3954445
3954381
3954296
3954265
3953826
3953360
3246287
3952292
3952050
3725229
3951645
3951626
3951547
3951358
3951009
3950892
3950827
3950599
3950531
3950523
3950347
3950293
3950285
3950118
3950076
3950055
3949967
3949617
3863694
3824148
3948922
3948084
3947973
3947961
3947701
3947639
3947169
3947150
3857844
3812411
3712174
3946827
3946688
3945952
3945327
3944064
3943848
3943843
3943782
3942736
3942375
3942285
3941922
3941655
3941245
3940984
3940958
3851445
3940623
3939857
3939826
3939642
3939570
3939546
3939454
3938905
2647825
3937928
3937870
3937838
3937832
3937714
3937613
3937543
3937436
3936230
3935434
3772634
3934554
3934234
3934217
3934123
3934039
3933414
3821322
3932724
3931848
3931778
3931461
3931447
3931442
3931318
3931289
3931073
3931005
3930949
3930790
3930593
3930540
3930400
3834712
3929401
3927832
3927829
3926478
3925793
3925791
3925652
3821312
3925443
3924701
3924168
3924156
3924129
3923989
3923670
3923645
3923613
3923413
3689500
3923130
3922776
3922666
3922654
3922650
3922626
3922623
3922599
3922550
3921916
3701720
3921570
3920910
3919894
3918983
3918398
3917291
3917218
3917198
3459953
3916672
3830469
3915111
3913905
3913387
3913223
3815378
3912028
3911768
3192954
3909385
3908686
3908650
3908457
3908438
3908237
3907845
3907135
3906249
3906202
3905975
3905780
3905566
3905478
3905454
3905328
3904686
3904039
3904033
3903542
3903050
3902748
3901716
3900437
3900255
3900133
3900012
3899253
3855027
3899236
3898876
3897914
3895499
3895417
3893765
3893081
3893080
3892519
3892001
3891416
3890405
3890360
3890042
3889750
3889420
2518539
3888633
3887412
3886772
3885832
3885674
3885669
3885023
3885013
3806046
3883905
3883793
3642650
3666981
3883701
3883494
3882653
1709381
3882536
3882319
3881631
3881370
3880744
2937348
3963192
3963002
3962968
3962951
3962854
3962841
3962838
3962832
3962805
3961722
3961361
3961327
3960819
3960199
3960027
3959892
3959866
3959395
3959383
3958882
3958652
3958634
3958608
3958576
3958367
3957719
3957646
3957599
3957539
3957302
3957250
3957176
3957140
3956881
3956823
3956714
3956400
3956365
3956276
3956217
3956192
3955604
3955567
3953994
3953403
3952868
3952803
3951482
3951453
3950676
3950020
3949668
3948945
3948866
3948588
3948497
3947134
3946933
3946826
3946677
3946624
3946476
3945961
3944004
3943915
3942575
3942516
3941908
3941859
3941343
3941193
3940029
3937497
3937471
3937110
3936692
3935940
3935242
3935233
3935035
3935033
3934779
3934766
3934733
3934612
3934607
3934513
3934500
3934479
3934333
3934312
3933599
3933597
3933467
3933444
3933437
3933205
3932237
3932171
3930916
3930911
3929431
3928359
3927926
3927823
3927786
3927767
3927611
3927579
3927556
3927292
3927270
3927211
3927168
3927151
3926659
3926118
3925875
3925660
3925530
3925095
3923976
3923961
3922577
3922473
3916202
3916180
3914545
3907447
3905941
3904348
3903524
3901358
3900468
3900205
3897844
3897631
3894422
3894235
3893779
3891273
3890982
3890876
3890528
3886866
3886138
3886124
3885435
3963211
3962769
3962459
3962374
3962182
3962103
3492987
3961631
3410063
3961305
3961173
3960932
3960919
3960153
3959891
3959552
3959280
3791636
3958792
3958687
3958568
3958378
3730668
3639746
3957994
3957878
3957862
3821813
3630454
3957782
3957166
3956182
3955675
3955621
3955506
3955390
3955364
3868632
3954913
3954494
3953634
3952842
3952251
3952052
3951956
3494478
3951291
3951259
3951178
3951005
3950956
3840213
3950601
3950216
3950198
3866315
3949952
3949771
3949618
3949557
3949543
3949332
3949318
3949023
3948722
3948456
3948443
3948231
3948212
3948206
3872568
3948039
3862172
3947724
3947642
3947450
3947209
3946834
3946828
3946675
3946661
3945445
3945011
3945002
3944934
3944845
3944779
3944672
3944604
3944576
3944554
3944134
3944118
3943195
3942743
3942578
3942246
1583061
3941399
3941397
3941380
3941371
3941347
3941276
3941165
3941001
3940988
3940856
3940674
3940590
3940548
3816600
3939600
3939542
3939523
3939352
3939131
3939028
3939020
3938853
3938725
3938558
3937921
3824824
3937085
3487972
3936909
3936699
3936197
3935869
3935794
3935474
3935438
3818856
3935040
3934797
3934700
3934605
3934471
3934193
3933711
3933669
3933663
3933015
3932935
3932842
3932815
3932592
3819388
3932500
3932476
3932447
3931928
3931483
3931011
3579982
3930937
3930758
3930714
3930643
3930636
3930623
3929826
3820706
3837106
3929293
3929243
3929204
3929136
3929024
3928541
3928479
3927329
3927245
3926743
3828399
3807287
3882791
3925792
3925786
3925768
3925256
3810583
3924237
3923962
3923955
3923891
3923832
3923766
3923683
3923525
3923418
3810884
3923251
3794607
3834694
3922778
3922598
3800068
3920742
3917717
3916929
3817744
3916607
3848542
3833116
3915112
3914672
3665456
3913341
3913235
3843894
3912190
3912166
3911822
3410142
3911588
3911408
3911323
3911297
3911203
3911154
3910684
3908809
3908188
3908114
3907854
3736109
3582063
3318387
3905863
3905805
3725099
3905748
2749454
3905180
3904755
2887035
3903663
3903221
3902740
3765354
3901895
3816224
3901704
3812478
3901204
3900717
3515360
3900100
3808601
3899085
3899037
3794566
3897410
3896601
3896370
3896179
3896106
3895626
3895486
3895401
3894217
3893262
3596934
3892541
3891858
3803578
3891168
3890961
1229236
3889579
3889428
2373961
3889196
3888091
3887128
3886760
3886715
3752044
3788554
3885401
3885047
3885018
3884359
3883969
3883483
3704770
3798655
3882412
3882154
3882113
3447114
3881211
3734633
3671442
3307683
3808349
3701262
3963181
3963051
3962277
2844427
3962021
3961879
3960789
3959881
3959243
3957746
3557257
3955830
3955735
3954938
3954518
3829701
3649071
3951105
3949694
3949468
3948557
3947581
3944705
3943943
3943220
3641873
2018993
3938171
3937567
3934307
3931341
3930364
3929903
3929453
3929279
3764178
3666631
3814453
3314664
3927218
3924871
3924282
3921541
3847030
3920772
3920728
3917149
3915376
3475347
3911695
3910627
3906514
3906485
3906465
3906351
3905221
3903816
3855879
3901756
3898261
3898062
3897981
3897670
3740041
3894336
3892346
3892225
3892152
3887041
3835807
3885992
3843009
3884443
3146147
3812883
3883523
3883432
3882274
3880452
3956469
3955289
3953697
3952497
3951881
3945967
3937517
3936814
3917407
3886068
3959356
3872735
3957699
3957533
3843029
3955396
3954995
3954681
3954470
3830470
3952275
3951174
3950943
3950534
3950053
3949845
3948785
3795815
3898466
3945711
3944872
3942041
3941022
3941009
3940438
3365820
3844213
2690000
3937179
3051096
2766826
3935606
3935343
3935341
3935339
3933256
3932762
3575160
3932271
3931841
3928450
3928057
3927201
3926081
3924906
3854168
3919030
3918703
3918553
3918552
3917585
3917350
3917191
3916831
3916828
3916751
3916527
3360895
3727996
3915245
3913411
2550397
3911598
3909901
3902599
3900704
3900703
3900667
3900028
3837009
3898963
3898473
3897390
3809820
3892139
3891908
3891555
3887382
3886845
3884518
3884095
3884091
3883852
3883623
3883506
3883489
3882855
3881851
3880964
3724987
3802749
3956371
3855455
3954343
3954128
3954023
3952217
3952142
3951847
3951624
3949745
3949542
3947530
3947407
3854209
3944832
3944766
3944702
3944110
3943836
3943697
3856514
3942490
3938490
3937831
3937786
3935580
3935520
3935003
3934788
3934284
3848968
3848900
3848220
3930084
3929332
3929290
3928480
3927451
3788594
3925526
3726555
3923356
3921787
3920459
3919544
3833461
3917887
3917781
3833678
3916875
2543830
3915757
3832640
3915368
3914675
3913027
3910425
3910277
3802192
3908352
3905325
3904393
3903728
3773120
3810292
3898818
3897937
3897092
3892571
3888049
3887918
3885205
3885198
3783941
3882585
3811029
3810907
3881622
3880590
3962113
3917290
3916470
3590193
3955404
3953502
3951722
3951720
3951675
3633918
3414320
3943824
3942282
3940236
3934062
3930519
3926563
3924266
3923379
3836990
3917045
3911924
3862006
3903259
3899432
3713348
3898256
3798060
3893351
3893344
3882279
3963152
3963149
3963147
3963124
3962927
3962273
3686003
3962200
3962187
3961931
3921065
3745490
3961117
3961002
3959091
3959089
3958729
3958703
3958549
3957566
3957565
3957468
3957189
3956929
3956885
3956884
3956682
3956172
3788280
3526069
3904313
3955612
3955611
3955606
3955598
3955583
3955570
3955555
3872227
3953470
3953400
3953375
3953305
3952999
3952826
3790970
3951970
3951597
3951488
3951219
3951016
3950888
3950724
3950431
3950426
3950421
3950257
3904336
3949269
3949263
3949237
1999504
3948972
3863761
3860727
3948559
3948486
3948426
3742550
3947710
3904201
3947168
3947028
3510382
3947000
3946972
3946962
3946795
3946770
3946724
3946684
3790939
3946256
3946025
3945399
3945372
3945265
3944743
3944687
3944301
3944299
3944298
3944291
3833991
3943442
3943325
3943104
3943071
3942657
3942351
3942301
3942099
3941773
3941734
3941274
3941259
3941152
3849811
3939658
3939502
3938842
3938646
3874999
3690107
3813303
3938070
3937565
3789384
3937459
3937458
3937415
3937272
3937238
3937199
3937189
3936566
3936289
3936085
3935775
3935295
3934783
3933965
3933724
3932853
3932790
3932526
3932200
3932134
1450864
3931894
3931787
3931740
3931276
3931264
3931099
3012872
3929742
3929189
2860228
3929019
3842741
3928963
3928738
3928736
3927502
3926422
3925689
3925518
3924269
3923174
3508118
3922410
3922220
3922198
3922183
3922106
3922093
3920913
3756050
3918821
3835130
3918104
1867654
3918055
3916086
3915557
3914152
3914117
3913886
3913362
3913276
3912773
3497254
3911180
3911146
3910520
3910267
3686263
3616060
3330024
3909905
3908899
3908846
3827105
3907879
3907200
3906122
3906120
3905604
3905493
3905008
3904887
3904687
3904659
3904410
3904306
3904281
3904070
3903102
3903043
3902788
3901574
3900558
3900228
3818667
3899708
3738581
3899332
3899181
3898704
3739298
3897445
3897424
1226669
3895976
3895649
3895645
3895541
3895416
3895072
3894642
3894438
3893929
3893579
3893481
3893205
3892995
3892349
3891591
3737619
3890671
3890474
3890281
3890268
3888901
3801161
3887884
3887729
3807491
3887425
3887326
3886349
3886225
3886213
3885644
3885359
3884115
3822772
3801397
3883753
3831525
3882479
3882331
3881840
3732236
3881598
3952778
3844660
3945825
3929813
3121540
3800771
3963141
3962485
3962043
3961710
3961632
3960865
3960086
3959907
3959004
3958905
3957874
3957748
3957384
3957383
3957368
3956784
3956751
3956750
3956741
3956538
3955717
3955618
3955608
3955605
3955595
3955590
3955580
3955531
3955458
3955352
3954718
3954647
3954281
3954268
3954267
3953874
3953691
3953614
3953490
3953220
3953147
3953004
3952323
3951987
3951980
3951961
3951632
3951629
3950791
3950223
3949659
3949528
3949438
3949192
3948829
3948376
3948331
3948316
3948312
3947877
3947338
3947211
3947192
3946757
3946729
3946723
3946673
3946527
3946510
3946471
3946345
3946287
3946067
3946027
3945905
3945868
3945815
3945654
3945227
3945118
3944774
3944768
3944201
3943628
3942625
3942482
3942459
3941567
3941047
3939927
3939828
3939632
3939549
3939085
3938931
3938359
3938353
3938333
3938100
3937893
3937827
3937825
3937522
3937224
3936840
3936819
3936607
3936482
3933765
3929573
3928441
3928226
3928120
3927811
3927474
3927436
3927205
3927044
3926939
3926818
3926810
3926802
3926792
3926654
3926436
3780254
3925921
3925896
3925617
3925473
3925459
3925407
3924455
3924354
3924288
3924285
3924283
3923697
3923629
3922983
3922945
3922869
3922699
3922693
3922691
3922442
3921996
3921808
3920423
3920402
3920333
3920279
3920182
3919898
3919882
3919879
3919872
3919684
3918787
3918108
3918071
3917230
3917046
3916866
3916859
3912323
3909199
3908695
3908390
3903488
3902073
3901786
3901780
3901351
3900923
3900572
3899144
3899069
3899054
3899011
3898162
3896707
3896127
3895565
3894857
3892823
3892435
3891708
3889392
3888748
3888675
3888645
3888411
2986063
3886199
3885566
3883300
3882155
3882141
3963164
3963160
3963159
3963137
3962399
3962383
3962368
3779345
3962040
3879799
3961461
3961198
3961175
3960604
3960544
3960266
3959574
3959534
3959361
3958969
3958348
3958241
3957579
3915414
3957045
3956665
3956465
3956379
3956317
3956314
3956312
3956311
3956309
3956307
3956283
3955424
3955385
3955111
3904058
3954729
3953978
3953421
3953014
3953013
3952557
3952337
3952012
3952011
3895238
3951024
3812415
3950520
3950181
3949085
3948545
3946922
3946543
3945998
3945997
3945705
3945703
3945681
3945678
3945673
3945665
3945555
3945426
3945280
3944652
3944267
3813539
3943254
3943253
3942586
3941812
3941673
3941658
3939835
3939827
3939720
3939299
3939140
3939139
3938439
3938414
3938221
2965257
3937978
3937976
3937967
3937953
3937945
3937815
3937812
3937804
3937790
3937730
3937629
3937343
3937259
3937243
3937237
3936976
3936913
3819053
3936676
3936650
3755156
3936551
3869842
3935527
3935482
3935321
3935303
3935022
3935007
3935006
3935002
3934996
3934651
3934301
3933473
3932426
3932312
3931689
2220042
3930715
3930170
3929977
3929751
3929648
3929175
3929056
3929037
3929026
3927788
3927737
3927703
3926514
3925906
3925897
3924610
3924341
3924281
3923558
3922779
3922723
3922718
3922715
3922662
3921658
3921521
3921515
3921499
3921447
3921382
3921381
3921338
3921335
3921323
3920945
3919897
3919644
3919270
3689179
3918825
3834870
3916910
3916283
3916240
3916168
3915465
3914831
3914625
3914114
2924906
3913089
3912970
3912511
3912510
3912505
3910550
3907153
3906806
3906439
3905153
3904837
3904789
3904727
3818554
3822148
3902769
3901956
3901409
3815244
3898404
3537171
3897239
3896963
3896785
3896279
3896244
3895294
3894999
3894747
3894664
3894440
3893971
3893326
3893095
3892928
3892885
3892780
3892666
3892026
3890856
3890826
3890284
3890262
3890217
3887792
3887501
3885995
3884006
3883991
3883977
3883883
3883865
3883026
3882193
3881580
3881440
3881185
3963058
3963054
3963047
3962946
3962777
3962721
3962049
3962014
3961750
3961688
3961638
3961463
3798026
3869057
3961270
3961223
3961197
3961180
3961170
3961154
3961139
3961011
3960978
3960810
3960799
3960259
3840382
3960023
3959977
3959872
3959824
3959716
3959690
3959687
3959635
3959632
3959513
3959494
3959400
3959358
3959307
3959297
3959288
3959262
3958996
3958947
3958822
3958727
3958725
3958702
3958688
3958667
3958494
3957939
3957936
3957868
3957316
3957066
3956862
3956696
3956608
3956571
3956552
3956541
3863973
3956456
3956304
3956220
3955931
3955800
3955774
3955685
3955577
3955326
3955323
3955290
3955256
3955232
3955194
3955154
3955124
3955116
3955058
3955024
3955016
3954940
3954842
3954765
3954443
3954354
3954353
3954339
3954272
3954250
3911684
3953855
3953779
3953713
3953693
3953670
3953638
3953629
3953605
3953602
3953563
3953487
3953396
3953342
3953336
3953326
3953317
3953278
3953262
3952920
3897486
3952806
3952790
3952628
3952620
3952610
3952561
3952548
3952542
3952422
3952375
3952248
3952172
3862377
3951963
3951897
3951661
3951459
3951399
3951368
3951199
3951006
3950972
3866273
3950794
3950400
3950382
3950272
3950184
3949964
3949924
3013116
3949700
3949640
3949507
3949492
3949328
3949326
3949258
3949172
3788647
3949036
3948928
3889971
3948701
3948695
3948647
3948612
3948537
3948298
3892806
3947904
3947713
3947650
3947594
3947569
3947510
3947492
3947469
3947362
3947328
3860129
3946947
3946705
3946686
3946651
3488902
3515149
3946599
3946506
3946464
3946282
3946277
3945718
3945647
3945613
3945517
3945509
3945480
3945423
3527009
3945218
3945125
3945076
3944820
3944732
3944434
3944432
3874612
3944263
3944184
3944100
3943948
3943764
3943581
3943521
3943409
3943167
3943144
3943107
3943058
3943042
3942968
3942849
3942673
3942190
3942062
3942040
3941935
3941861
3941856
3941790
3941690
3941416
3941230
3941183
3941100
3940925
3940812
3940799
3940777
3940505
3940430
3845623
3940170
3940162
3940128
3940121
3780419
3939937
3939825
3939807
3939665
3939463
3813053
3939327
3939295
3939267
3852425
3939114
3939077
3788480
3939000
3938982
3938965
3938908
3938838
3938813
3938735
3938640
3938636
3938334
3938322
3938319
3938316
3938248
3938205
3938139
3938115
3938090
3938082
3937952
3937712
3937664
3937621
3894764
3937230
3937182
3937163
3937079
3937001
3936923
3936887
3936695
3936649
3936527
3936524
3936522
3936509
3936383
3936381
3936313
3936303
3936290
3936228
3936211
3936149
3935987
3935961
3935707
3935673
3935668
3935526
3935519
3935514
3818526
3935333
3935320
3935317
3935023
3857047
3934692
3934687
3934562
3934352
3934274
3934156
3933754
3933553
3933540
3933536
3933528
3933454
3933391
3933354
3933323
3933287
3933188
3933161
3933095
3933040
3932869
3932812
3932666
3932611
3932286
3932139
3932138
3932034
3931651
3931571
3931556
3931542
3931504
3931498
3931104
3930807
3263143
3815891
3930576
3930552
3930505
3930480
3930416
3101914
3930341
3930121
3929510
3835904
3929351
3929298
3929157
3929105
3929103
3928864
3928745
3928717
3928571
3928535
3928439
3928397
3928373
3928337
3928312
3928115
3928077
3928065
3928063
3928019
3928005
3927957
3927936
3927532
3927157
3927032
3926830
3926689
3926495
3566344
3926321
3926274
3925988
3925846
3925401
3925396
3925333
3925261
3822113
3925025
3924968
3755653
3696132
3924784
3924708
3924643
3924483
3924053
3924016
3923833
3923763
3923702
3923698
3923581
3923003
3922979
3922671
3834028
3922421
3922414
3922351
3922196
3922136
3921970
3921959
3921946
3838919
3921791
3921754
3921369
3921046
3920752
3920704
3920598
3920382
3919396
3919138
3919093
3918783
3918732
3918540
3918202
3918178
3918033
3828766
3832591
3917721
3917709
3917637
3917476
3917469
3917399
3917398
3917394
3917391
3916826
3916575
3916538
3915723
3915548
3915544
3915310
3915096
3915018
3914976
3914823
3914514
3914312
3913824
3913168
3912819
3912637
3912633
3912517
3912355
3912346
3912150
3912135
3912122
3912024
3910578
3910315
3910290
3910206
3867367
3909910
3909892
3909677
3909627
3909607
3720319
3909527
3909506
3909420
3909308
3909286
3909255
3909225
3909213
3909179
3909165
3909162
3909138
3909057
3908001
3907933
3907726
3907521
3907436
3907144
3907090
3907068
3906768
3906422
3906022
3905766
3905754
3905494
3905419
3905397
3905369
3905096
3905082
3905063
3905055
3905047
3904759
3904630
3904432
3904405
3904376
3904349
3904248
3903974
3903570
3903498
3903331
3903329
3903327
3903294
3903266
3903252
3903234
3903137
3902725
3902699
3902158
3902151
3902149
3901849
3901770
3723364
3901356
3901124
3900582
3900559
3796265
3900236
3900175
3899729
3899676
3899583
3899480
3899443
3899316
3899234
3818405
3899173
3899166
3899028
3899023
3898950
3898755
3898700
3898690
3898670
3898521
3898426
3898329
3898217
3897961
3897925
3897904
3897743
3897427
3897215
3897210
3815999
3897056
3896799
3896762
3895998
3895791
3895223
3895136
3895105
3894965
3894953
3894389
3894327
3894203
3894195
3894183
3894137
3894086
3894065
3894054
3893998
3893984
3893946
3893911
3893840
3893723
3692782
3892912
3892743
3892685
3892682
3892221
3892212
3892121
3892102
3892077
3890936
3890860
3890816
3890460
3890199
3889954
3889629
3889569
3889554
3889473
3889235
3889042
3888478
3888003
3888000
3735694
3887865
3887850
3887806
3887609
3887088
3886610
3886577
3886013
3885659
3885652
3885512
3885329
3884939
3884935
3884933
3884905
3884845
3884220
3884198
3884152
3883984
3883981
3883954
3883344
3883024
3882645
3882533
3882432
3882272
3881331
3881296
3880512
3880479
3880429
3844122
3388112
3597668
3712465
3874063
3957292
3869740
3951854
3433207
3701354
3949637
3948934
3946744
3768387
3628355
3843869
3843904
3763165
3942157
3938554
3933118
3931361
3930356
3928052
3522864
3657865
3896418
3896188
3896129
3803310
3883225
3798924
3882221
3882061
3882059
3963216
3963219
3963218
